-0.0045210,-0.0059259,12.4474945,166.1179504,0.0000000,0.0000000
-0.0019452,-0.0059948,12.4472103,166.1704559,0.0000000,0.0000000
-0.0049615,-0.0046801,12.4491158,166.2229767,0.0000000,0.0000000
-0.0056285,-0.0069129,12.4491653,166.2754059,0.0000000,0.0000000
-0.0057446,-0.0066625,12.4483986,166.3279877,0.0000000,0.0000000
-0.0034367,-0.0071064,12.4464502,166.3804474,0.0000000,0.0000000
-0.0027892,-0.0068300,12.4455633,166.4329071,0.0000000,0.0000000
-0.0079562,-0.0058223,12.4473314,166.4854736,0.0000000,0.0000000
-0.0094911,-0.0061185,12.4469318,166.5379486,0.0000000,0.0000000
-0.0066932,-0.0064400,12.4460363,166.5904541,0.0000000,0.0000000
-0.0080318,-0.0051942,12.4464703,166.6429138,0.0000000,0.0000000
-0.0049573,-0.0064380,12.4486084,166.6955109,0.0000000,0.0000000
-0.0043948,-0.0057019,12.4485340,166.7479248,0.0000000,0.0000000
-0.0052116,-0.0071974,12.4479170,166.8004150,0.0000000,0.0000000
-0.0050240,-0.0067603,12.4477634,166.8529663,0.0000000,0.0000000
-0.0071082,-0.0067921,12.4479065,166.9054718,0.0000000,0.0000000
-0.0041391,-0.0066019,12.4461870,166.9579315,0.0000000,0.0000000
-0.0052442,-0.0047603,12.4468584,167.0104523,0.0000000,0.0000000
-0.0021279,-0.0057869,12.4474564,167.0629578,0.0000000,0.0000000
-0.0021261,-0.0060895,12.4464436,167.1154327,0.0000000,0.0000000
-0.0082302,-0.0061118,12.4462233,167.1679230,0.0000000,0.0000000
-0.0096734,-0.0050035,12.4500237,167.2204590,0.0000000,0.0000000
-0.0099421,-0.0076357,12.4497776,167.2729492,0.0000000,0.0000000
-0.0038932,-0.0064299,12.4467745,167.3254547,0.0000000,0.0000000
-0.0044054,-0.0053942,12.4466228,167.3779449,0.0000000,0.0000000
-0.0061962,-0.0056175,12.4472837,167.4304199,0.0000000,0.0000000
-0.0073335,-0.0061100,12.4467411,167.4829254,0.0000000,0.0000000
-0.0079176,-0.0053988,12.4469681,167.5354309,0.0000000,0.0000000
-0.0070537,-0.0052637,12.4484882,167.5879974,0.0000000,0.0000000
-0.0063119,-0.0059091,12.4475765,167.6404114,0.0000000,0.0000000
-0.0073225,-0.0048003,12.4476128,167.6929321,0.0000000,0.0000000
-0.0048852,-0.0065795,12.4467945,167.7454681,0.0000000,0.0000000
-0.0045908,-0.0062516,12.4469805,167.7979126,0.0000000,0.0000000
-0.0049096,-0.0069056,12.4461985,167.8504181,0.0000000,0.0000000
-0.0054230,-0.0058399,12.4490242,167.9029388,0.0000000,0.0000000
-0.0045959,-0.0055825,12.4473171,167.9554749,0.0000000,0.0000000
-0.0074077,-0.0077786,12.4488354,168.0079041,0.0000000,0.0000000
-0.0069293,-0.0062739,12.4482069,168.0604706,0.0000000,0.0000000
-0.0085240,-0.0064210,12.4482517,168.1129456,0.0000000,0.0000000
-0.0033470,-0.0054323,12.4461555,168.1654358,0.0000000,0.0000000
-0.0023219,-0.0056923,12.4441767,168.2179108,0.0000000,0.0000000
-0.0064712,-0.0056000,12.4511261,169.3204956,0.0000000,0.0000000
-0.0046422,-0.0063594,12.4485979,169.3729401,0.0000000,0.0000000
-0.0039987,-0.0066651,12.4474335,169.4254150,0.0000000,0.0000000
-0.0083991,-0.0061583,12.4484529,169.4779663,0.0000000,0.0000000
-0.0076590,-0.0072636,12.4456148,169.5304413,0.0000000,0.0000000
-0.0050779,-0.0064894,12.4478130,169.5829010,0.0000000,0.0000000
-0.0044619,-0.0060327,12.4472809,169.6354370,0.0000000,0.0000000
-0.0068608,-0.0057460,12.4467611,169.6879730,0.0000000,0.0000000
-0.0080310,-0.0063503,12.4464960,169.7404327,0.0000000,0.0000000
-0.0079159,-0.0043635,12.4464674,169.7929382,0.0000000,0.0000000
-0.0052472,-0.0040307,12.4431219,169.8454437,0.0000000,0.0000000
-0.0072837,-0.0028854,12.4435234,169.8979645,0.0000000,0.0000000
-0.0080525,-0.0046330,12.4454794,169.9504089,0.0000000,0.0000000
-0.0070657,-0.0052833,12.4460697,170.0029755,0.0000000,0.0000000
-0.0063818,-0.0055139,12.4475193,170.0554352,0.0000000,0.0000000
-0.0054005,-0.0070728,12.4481754,170.1079559,0.0000000,0.0000000
-0.0064751,-0.0078712,12.4477510,170.1604004,0.0000000,0.0000000
-0.0101890,-0.0070429,12.4482002,170.2129822,0.0000000,0.0000000
-0.0065395,-0.0060926,12.4451656,170.2654266,0.0000000,0.0000000
-0.0042899,-0.0021153,12.4477987,170.3179016,0.0000000,0.0000000
-0.0060975,-0.0039023,12.4479046,170.3705139,0.0000000,0.0000000
-0.0053548,-0.0065486,12.4516850,170.4229431,0.0000000,0.0000000
-0.0068202,-0.0063084,12.4511929,170.4754333,0.0000000,0.0000000
-0.0045822,-0.0052306,12.4479427,170.5279541,0.0000000,0.0000000
-0.0067693,-0.0049943,12.4479017,170.5804443,0.0000000,0.0000000
-0.0047721,-0.0066351,12.4460001,170.6329193,0.0000000,0.0000000
-0.0026400,-0.0069535,12.4447851,170.6854706,0.0000000,0.0000000
-0.0057306,-0.0072043,12.4476252,170.7379608,0.0000000,0.0000000
-0.0042622,-0.0051914,12.4480066,170.7904358,0.0000000,0.0000000
-0.0072117,-0.0068934,12.4505682,170.8429260,0.0000000,0.0000000
-0.0071655,-0.0067566,12.4496346,170.8954468,0.0000000,0.0000000
-0.0060552,-0.0094152,12.4479437,170.9479370,0.0000000,0.0000000
-0.0041657,-0.0072572,12.4480791,171.0004120,0.0000000,0.0000000
-0.0041139,-0.0057420,12.4447670,171.0529785,0.0000000,0.0000000
-0.0018586,-0.0061809,12.4432287,171.1054230,0.0000000,0.0000000
-0.0043936,-0.0075703,12.4479771,171.1579285,0.0000000,0.0000000
-0.0060619,-0.0054893,12.4467592,171.2104492,0.0000000,0.0000000
-0.0041716,-0.0052882,12.4491215,171.2629700,0.0000000,0.0000000
-0.0043810,-0.0062991,12.4465237,171.3153992,0.0000000,0.0000000
-0.0055946,-0.0045417,12.4455442,171.3679352,0.0000000,0.0000000
-0.0062142,-0.0067258,12.4470730,171.4204865,0.0000000,0.0000000
-0.0026163,-0.0061289,12.4433374,172.5229645,0.0000000,0.0000000
-0.0064130,-0.0056250,12.4479294,172.5754089,0.0000000,0.0000000
-0.0064909,-0.0055517,12.4491634,172.6279755,0.0000000,0.0000000
-0.0025722,-0.0067939,12.4474039,172.6804504,0.0000000,0.0000000
-0.0050713,-0.0060866,12.4459419,172.7329102,0.0000000,0.0000000
-0.0049961,-0.0028370,12.4432631,172.7854614,0.0000000,0.0000000
-0.0051823,-0.0056701,12.4456549,172.8379517,0.0000000,0.0000000
-0.0025498,-0.0048316,12.4459801,172.8904572,0.0000000,0.0000000
-0.0043518,-0.0064817,12.4472084,172.9429169,0.0000000,0.0000000
-0.0071384,-0.0053687,12.4475136,172.9954681,0.0000000,0.0000000
-0.0072019,-0.0060136,12.4480467,173.0479431,0.0000000,0.0000000
-0.0051019,-0.0067489,12.4475145,173.1004333,0.0000000,0.0000000
-0.0031028,-0.0076036,12.4469881,173.1529541,0.0000000,0.0000000
-0.0063925,-0.0075228,12.4487476,173.2054596,0.0000000,0.0000000
-0.0020628,-0.0063855,12.4464417,173.2579041,0.0000000,0.0000000
-0.0056991,-0.0053878,12.4465370,173.3104248,0.0000000,0.0000000
-0.0057397,-0.0050858,12.4467087,173.3629608,0.0000000,0.0000000
-0.0037936,-0.0041250,12.4456015,173.4154053,0.0000000,0.0000000
-0.0041484,-0.0044537,12.4425611,173.4679718,0.0000000,0.0000000
-0.0072048,-0.0060718,12.4482088,173.5204620,0.0000000,0.0000000
-0.0059587,-0.0065311,12.4456167,173.5729370,0.0000000,0.0000000
-0.0086540,-0.0053815,12.4477053,173.6254120,0.0000000,0.0000000
-0.0090909,-0.0053378,12.4481764,173.6779633,0.0000000,0.0000000
-0.0063552,-0.0055041,12.4488001,173.7304382,0.0000000,0.0000000
-0.0073406,-0.0050388,12.4465771,173.7829285,0.0000000,0.0000000
-0.0056766,-0.0066379,12.4489298,173.8354797,0.0000000,0.0000000
-0.0046891,-0.0065101,12.4488907,173.8879700,0.0000000,0.0000000
-0.0026662,-0.0059254,12.4452639,173.9404144,0.0000000,0.0000000
-0.0013953,-0.0060073,12.4455357,173.9929352,0.0000000,0.0000000
-0.0035774,-0.0060301,12.4454546,174.0454712,0.0000000,0.0000000
-0.0035789,-0.0053480,12.4468613,174.0979156,0.0000000,0.0000000
-0.0058648,-0.0056878,12.4455509,174.1504364,0.0000000,0.0000000
-0.0057562,-0.0063427,12.4484072,174.2029724,0.0000000,0.0000000
-0.0067267,-0.0056013,12.4472818,174.2554474,0.0000000,0.0000000
-0.0072108,-0.0064592,12.4480276,174.3079071,0.0000000,0.0000000
-0.0079629,-0.0062731,12.4473476,174.3604279,0.0000000,0.0000000
-0.0044307,-0.0059703,12.4463348,174.4129791,0.0000000,0.0000000
-0.0064998,-0.0072595,12.4445324,174.4654388,0.0000000,0.0000000
-0.0075819,-0.0055692,12.4459963,174.5179291,0.0000000,0.0000000
-0.0061046,-0.0042607,12.4452229,174.5704803,0.0000000,0.0000000
-0.0075156,-0.0056023,12.4466352,174.6229248,0.0000000,0.0000000
-0.0052544,-0.0066764,12.4479408,174.6753998,0.0000000,0.0000000
-0.0053449,-0.0060262,12.4488182,174.7279816,0.0000000,0.0000000
-0.0049063,-0.0051509,12.4452782,175.8304443,0.0000000,0.0000000
-0.0042610,-0.0063722,12.4460468,175.8829193,0.0000000,0.0000000
-0.0042957,-0.0035327,12.4444351,175.9354401,0.0000000,0.0000000
-0.0053760,-0.0036424,12.4459000,175.9879761,0.0000000,0.0000000
-0.0012295,-0.0062685,12.4446640,176.0404053,0.0000000,0.0000000
-0.0032558,-0.0055773,12.4452000,176.0929413,0.0000000,0.0000000
-0.0055214,-0.0064538,12.4464846,176.1454468,0.0000000,0.0000000
-0.0066314,-0.0060501,12.4466515,176.1979370,0.0000000,0.0000000
-0.0071189,-0.0055376,12.4481115,176.2504120,0.0000000,0.0000000
-0.0078028,-0.0068566,12.4482355,176.3029633,0.0000000,0.0000000
-0.0076039,-0.0066965,12.4467163,176.3554382,0.0000000,0.0000000
-0.0073170,-0.0060823,12.4461746,176.4079285,0.0000000,0.0000000
-0.0057546,-0.0052224,12.4466972,176.4604645,0.0000000,0.0000000
-0.0037894,-0.0068047,12.4453897,176.5129547,0.0000000,0.0000000
-0.0064014,-0.0050379,12.4456482,176.5654297,0.0000000,0.0000000
-0.0094776,-0.0043186,12.4487972,176.6179047,0.0000000,0.0000000
-0.0075100,-0.0054931,12.4457836,176.6704865,0.0000000,0.0000000
-0.0072791,-0.0066554,12.4491806,176.7229004,0.0000000,0.0000000
-0.0082371,-0.0044896,12.4475136,176.7754211,0.0000000,0.0000000
-0.0030069,-0.0051654,12.4455290,176.8279877,0.0000000,0.0000000
-0.0026159,-0.0060682,12.4455357,176.8804474,0.0000000,0.0000000
-0.0058767,-0.0040207,12.4484835,176.9329071,0.0000000,0.0000000
-0.0062463,-0.0049150,12.4480238,176.9854584,0.0000000,0.0000000
-0.0040301,-0.0058248,12.4453354,177.0379486,0.0000000,0.0000000
-0.0055973,-0.0063219,12.4471598,177.0904083,0.0000000,0.0000000
-0.0061823,-0.0051494,12.4478893,177.1429138,0.0000000,0.0000000
-0.0068506,-0.0057144,12.4483404,177.1954803,0.0000000,0.0000000
-0.0092064,-0.0064990,12.4481936,177.2479401,0.0000000,0.0000000
-0.0048277,-0.0060742,12.4482021,177.3003998,0.0000000,0.0000000
-0.0080574,-0.0058612,12.4484072,177.3529816,0.0000000,0.0000000
-0.0041817,-0.0059084,12.4466076,177.4054565,0.0000000,0.0000000
-0.0054098,-0.0059282,12.4480076,177.4579163,0.0000000,0.0000000
-0.0039915,-0.0039752,12.4466648,177.5104523,0.0000000,0.0000000
-0.0045638,-0.0058397,12.4462681,177.5629730,0.0000000,0.0000000
-0.0056048,-0.0053696,12.4449263,177.6154022,0.0000000,0.0000000
-0.0054659,-0.0063016,12.4469852,177.6679230,0.0000000,0.0000000
-0.0056332,-0.0060295,12.4458914,177.7204590,0.0000000,0.0000000
-0.0049318,-0.0064183,12.4480705,177.7729645,0.0000000,0.0000000
-0.0062213,-0.0054755,12.4452524,177.8254242,0.0000000,0.0000000
-0.0077626,-0.0056915,12.4487324,177.8779449,0.0000000,0.0000000
-0.0060551,-0.0053804,12.4477148,177.9304657,0.0000000,0.0000000
-0.0066747,-0.0053771,12.4470139,177.9829102,0.0000000,0.0000000
-0.0050548,-0.0055083,12.4475145,179.0854645,0.0000000,0.0000000
-0.0067813,-0.0063532,12.4471292,179.1379395,0.0000000,0.0000000
-0.0042133,-0.0071683,12.4474192,179.1904449,0.0000000,0.0000000
-0.0011734,-0.0065170,12.4464493,179.2429199,0.0000000,0.0000000
-0.0041379,-0.0062112,12.4460592,179.2954712,0.0000000,0.0000000
-0.0054901,-0.0063988,12.4466743,179.3479004,0.0000000,0.0000000
-0.0074694,-0.0060424,12.4461527,179.4004211,0.0000000,0.0000000
-0.0087848,-0.0041643,12.4465466,179.4529724,0.0000000,0.0000000
-0.0051762,-0.0069769,12.4470186,179.5054626,0.0000000,0.0000000
-0.0021904,-0.0071141,12.4479704,179.5579071,0.0000000,0.0000000
-0.0038947,-0.0058829,12.4473343,179.6104279,0.0000000,0.0000000
-0.0057044,-0.0060840,12.4481659,179.6629181,0.0000000,0.0000000
-0.0066300,-0.0072138,12.4472485,179.7154236,0.0000000,0.0000000
-0.0071931,-0.0072012,12.4501762,179.7679291,0.0000000,0.0000000
-0.0073096,-0.0058264,12.4495220,179.8204651,0.0000000,0.0000000
-0.0049478,-0.0049820,12.4472389,179.8729248,0.0000000,0.0000000
-0.0055817,-0.0071623,12.4472065,179.9253998,0.0000000,0.0000000
-0.0038745,-0.0051785,12.4463148,179.9779663,0.0000000,0.0000000
-0.0036737,-0.0042579,12.4467173,180.0304260,0.0000000,0.0000000
-0.0075206,-0.0046727,12.4463425,180.0829163,0.0000000,0.0000000
-0.0036620,-0.0055125,12.4450283,180.1354675,0.0000000,0.0000000
-0.0062724,-0.0068093,12.4458609,180.1879883,0.0000000,0.0000000
-0.0040674,-0.0059751,12.4455986,180.2404175,0.0000000,0.0000000
-0.0039291,-0.0041690,12.4475765,180.2929077,0.0000000,0.0000000
-0.0039953,-0.0047515,12.4457932,180.3454742,0.0000000,0.0000000
-0.0039770,-0.0033448,12.4461079,180.3979340,0.0000000,0.0000000
-0.0038465,-0.0058794,12.4467669,180.4504242,0.0000000,0.0000000
-0.0050906,-0.0056598,12.4458599,180.5029602,0.0000000,0.0000000
-0.0041903,-0.0058667,12.4461336,180.5554657,0.0000000,0.0000000
-0.0066403,-0.0048767,12.4463291,180.6079102,0.0000000,0.0000000
-0.0069473,-0.0060745,12.4484949,180.6604156,0.0000000,0.0000000
-0.0064090,-0.0071203,12.4481936,180.7129669,0.0000000,0.0000000
-0.0057640,-0.0061000,12.4479809,180.7654266,0.0000000,0.0000000
-0.0063822,-0.0067729,12.4503555,180.8179016,0.0000000,0.0000000
-0.0052936,-0.0053227,12.4463005,180.8704834,0.0000000,0.0000000
-0.0062141,-0.0038925,12.4464054,180.9229584,0.0000000,0.0000000
-0.0094212,-0.0035489,12.4456882,180.9754181,0.0000000,0.0000000
-0.0064032,-0.0061762,12.4475431,181.0279388,0.0000000,0.0000000
-0.0084741,-0.0057996,12.4479885,181.0804291,0.0000000,0.0000000
-0.0035272,-0.0062762,12.4470806,181.1329346,0.0000000,0.0000000
-0.0033909,-0.0052966,12.4448118,181.1854248,0.0000000,0.0000000
-0.0051111,-0.0061964,12.4469519,182.2879791,0.0000000,0.0000000
-0.0055613,-0.0057471,12.4477119,182.3404083,0.0000000,0.0000000
-0.0039521,-0.0064470,12.4453640,182.3929291,0.0000000,0.0000000
-0.0020344,-0.0063191,12.4458389,182.4454498,0.0000000,0.0000000
-0.0048849,-0.0055299,12.4497805,182.4979553,0.0000000,0.0000000
-0.0070945,-0.0045682,12.4491892,182.5504303,0.0000000,0.0000000
-0.0085421,-0.0047142,12.4490728,182.6029816,0.0000000,0.0000000
-0.0083089,-0.0053721,12.4487486,182.6554413,0.0000000,0.0000000
-0.0068163,-0.0046646,12.4456501,182.7079315,0.0000000,0.0000000
-0.0090502,-0.0036865,12.4455729,182.7604218,0.0000000,0.0000000
-0.0084085,-0.0058633,12.4476767,182.8129578,0.0000000,0.0000000
-0.0033318,-0.0052242,12.4469547,182.8654327,0.0000000,0.0000000
-0.0026511,-0.0053163,12.4446859,182.9179230,0.0000000,0.0000000
-0.0079229,-0.0061420,12.4441948,182.9704742,0.0000000,0.0000000
-0.0070059,-0.0067625,12.3957710,183.0229034,0.0000000,0.0000000
-0.0122704,-0.0084347,12.3130579,183.0754242,0.0000000,0.0000000
-0.0120551,-0.0097273,12.2448082,183.1279602,0.0000000,0.0000000
-0.0161628,-0.0096745,12.1378565,183.1804962,0.0000000,0.0000000
-0.0174149,-0.0182401,11.9954967,183.2329407,0.0000000,0.0000000
-0.0258165,-0.0201180,11.8494816,183.2854767,0.0000000,0.0000000
-0.0231331,-0.0215728,11.7493353,183.3379822,0.0000000,0.0000000
-0.0257969,-0.0207253,11.6329174,183.3904419,0.0000000,0.0000000
-0.0290434,-0.0217597,11.5288410,183.4429474,0.0000000,0.0000000
-0.0355822,-0.0277304,11.4532089,183.4954834,0.0000000,0.0000000
-0.0348023,-0.0385503,11.3251581,183.5480042,0.0000000,0.0000000
-0.0340630,-0.0323633,11.1918716,183.6004333,0.0000000,0.0000000
-0.0478963,-0.0430141,11.0426226,183.6530457,0.0000000,0.0000000
-0.0367471,-0.0450688,10.9336452,183.7054749,0.0000000,0.0000000
-0.0519319,-0.0422660,10.7769241,183.7579498,0.0000000,0.0000000
-0.0512482,-0.0315439,10.6044750,183.8104553,0.0000000,0.0000000
-0.0647948,-0.0288968,10.4863405,183.8630066,0.0000000,0.0000000
-0.0718734,-0.0303184,10.3290262,183.9154358,0.0000000,0.0000000
-0.0698133,-0.0428662,10.1567116,183.9679565,0.0000000,0.0000000
-0.0631010,-0.0559000,9.9844742,184.0205078,0.0000000,0.0000000
-0.0740965,-0.0604724,9.8747110,184.0729523,0.0000000,0.0000000
-0.0675192,-0.0508819,9.7400627,184.1254578,0.0000000,0.0000000
-0.0784587,-0.0520664,9.6091223,184.1779785,0.0000000,0.0000000
-0.0893792,-0.0533375,9.5139704,184.2304840,0.0000000,0.0000000
-0.0838852,-0.0517411,9.3729267,184.2829285,0.0000000,0.0000000
-0.0912922,-0.0614110,9.2082396,184.3355255,0.0000000,0.0000000
-0.1020535,-0.0633696,9.0886021,184.3879700,0.0000000,0.0000000
-0.1427990,-0.1177321,7.1278358,185.5429230,0.0000000,0.0000000
-0.1397452,-0.0972697,6.8851724,185.5955048,0.0000000,0.0000000
-0.1480684,-0.0888131,6.6136971,185.6479645,0.0000000,0.0000000
-0.1613876,-0.1306403,6.4533625,185.7004547,0.0000000,0.0000000
-0.1767653,-0.1345402,6.2092991,185.7529755,0.0000000,0.0000000
-0.1824475,-0.1023157,5.9437890,185.8054657,0.0000000,0.0000000
-0.1977108,-0.0661989,5.7578087,185.8579407,0.0000000,0.0000000
-0.1890996,-0.0967230,5.5165882,185.9104614,0.0000000,0.0000000
-0.1933545,-0.0983188,5.2434859,185.9629974,0.0000000,0.0000000
-0.2062079,-0.0807632,4.9939332,186.0154572,0.0000000,0.0000000
-0.1963789,-0.0701819,4.8260241,186.0679474,0.0000000,0.0000000
-0.2262302,-0.0660050,4.5784602,186.1204834,0.0000000,0.0000000
-0.2270231,-0.0824376,4.3361249,186.1729584,0.0000000,0.0000000
-0.2259309,-0.0841450,4.1625967,186.2254333,0.0000000,0.0000000
-0.2293173,-0.0762762,3.9349627,186.2779999,0.0000000,0.0000000
-0.2490119,-0.0744222,3.6468213,186.3304749,0.0000000,0.0000000
-0.2640375,-0.0653382,3.4266202,186.3829498,0.0000000,0.0000000
-0.2556541,-0.0516727,3.2436574,186.4354401,0.0000000,0.0000000
-0.2671931,-0.0707422,3.0234122,186.4880066,0.0000000,0.0000000
-0.2770596,-0.0753015,2.7733541,186.5404510,0.0000000,0.0000000
-0.2778402,-0.0567785,2.6106033,186.5929718,0.0000000,0.0000000
-0.2871911,-0.0738281,2.4250753,186.6455078,0.0000000,0.0000000
-0.2875919,-0.0630777,2.1869347,186.6979523,0.0000000,0.0000000
-0.2926507,-0.0758861,1.9076166,186.7504578,0.0000000,0.0000000
-0.2945993,-0.0721748,1.7265601,186.8029633,0.0000000,0.0000000
-0.3201085,-0.0512291,1.5282480,186.8554840,0.0000000,0.0000000
-0.3590603,-0.0645170,1.3315910,186.9079285,0.0000000,0.0000000
-0.3780155,-0.0622747,1.1351156,186.9604797,0.0000000,0.0000000
-0.4153843,-0.0655425,0.9910803,187.0130005,0.0000000,0.0000000
-0.5027787,-0.0209309,0.8130915,187.0654449,0.0000000,0.0000000
-0.5684454,-0.0141529,0.6348352,187.1179352,0.0000000,0.0000000
-0.5759649,-0.0141071,0.5263947,187.1704559,0.0000000,0.0000000
-0.5994169,0.0012188,0.3895415,187.2229462,0.0000000,0.0000000
-0.6389459,-0.0009096,0.2918259,187.2754364,0.0000000,0.0000000
-0.7206598,0.0110985,0.2067288,187.3280029,0.0000000,0.0000000
-0.7744666,0.0503270,0.1057474,187.3804626,0.0000000,0.0000000
-0.7380625,-0.0021586,-0.0171539,187.4329529,0.0000000,0.0000000
-0.6282877,-0.1143556,-0.1533222,187.4854279,0.0000000,0.0000000
-0.5399075,-0.1838464,-0.2354233,187.5380096,0.0000000,0.0000000
-0.4562042,-0.2585663,-0.3166534,187.5904236,0.0000000,0.0000000
-0.4282438,-0.2876965,-0.4124114,187.6429749,0.0000000,0.0000000
-0.3855635,-0.2557864,-0.4760970,187.6954803,0.0000000,0.0000000
-0.5522227,-0.1723184,-1.2871584,188.7979736,0.0000000,0.0000000
-0.5223963,-0.1679576,-1.3206327,188.8504639,0.0000000,0.0000000
-0.4829772,-0.2112870,-1.4595923,188.9029999,0.0000000,0.0000000
-0.5279927,-0.2041411,-1.5683764,188.9554596,0.0000000,0.0000000
-0.6129873,-0.2293941,-1.6798575,189.0079498,0.0000000,0.0000000
-0.6478830,-0.2000700,-1.7186129,189.0604858,0.0000000,0.0000000
-0.5908338,-0.2199181,-1.7696377,189.1129761,0.0000000,0.0000000
-0.5068203,-0.2654726,-1.8216279,189.1654663,0.0000000,0.0000000
-0.3690916,-0.2693566,-1.8821081,189.2179718,0.0000000,0.0000000
-0.2736280,-0.2513946,-1.8800031,189.2705078,0.0000000,0.0000000
-0.2487053,-0.2506789,-1.9144584,189.3229523,0.0000000,0.0000000
-0.1720054,-0.2270698,-1.9398216,189.3754578,0.0000000,0.0000000
-0.1525915,-0.2336401,-1.9496555,189.4279633,0.0000000,0.0000000
-0.1865898,-0.2633485,-2.0092113,189.4804993,0.0000000,0.0000000
-0.2584276,-0.2472047,-2.0512881,189.5329285,0.0000000,0.0000000
-0.3655494,-0.2171733,-2.0598783,189.5854797,0.0000000,0.0000000
-0.4236794,-0.1942706,-2.1227815,189.6380157,0.0000000,0.0000000
-0.4652913,-0.1479265,-2.1780405,189.6904449,0.0000000,0.0000000
-0.5466043,-0.0975575,-2.2464807,189.7429810,0.0000000,0.0000000
-0.6060559,-0.0849473,-2.2883182,189.7955170,0.0000000,0.0000000
-0.6231163,-0.0905273,-2.3552237,189.8479614,0.0000000,0.0000000
-0.6124692,-0.1022578,-2.4297643,189.9004211,0.0000000,0.0000000
-0.6332740,-0.1027983,-2.4912159,189.9529877,0.0000000,0.0000000
-0.6606476,-0.0955412,-2.5284872,190.0054474,0.0000000,0.0000000
-0.6973131,-0.0814883,-2.5990191,190.0579529,0.0000000,0.0000000
-0.7154230,-0.0725345,-2.6916740,190.1104584,0.0000000,0.0000000
-0.6914930,-0.0779147,-2.7034557,190.1630249,0.0000000,0.0000000
-0.7194850,-0.1166994,-2.8371654,190.2154541,0.0000000,0.0000000
-0.7243559,-0.1250564,-2.9940495,190.2679443,0.0000000,0.0000000
-0.7301297,-0.1103435,-3.1501207,190.3205109,0.0000000,0.0000000
-0.7398161,-0.0948856,-3.2495527,190.3729553,0.0000000,0.0000000
-0.7878065,-0.0973324,-3.4151571,190.4254456,0.0000000,0.0000000
-0.7743792,-0.1163123,-3.5593979,190.4779663,0.0000000,0.0000000
-0.7334970,-0.1564422,-3.6932745,190.5305176,0.0000000,0.0000000
-0.7241368,-0.1770483,-3.7601731,190.5829315,0.0000000,0.0000000
-0.6912553,-0.2173035,-3.8542993,190.6354675,0.0000000,0.0000000
-0.7155591,-0.2913073,-3.9559228,190.6879730,0.0000000,0.0000000
-0.7290654,-0.3380533,-4.0200586,190.7404480,0.0000000,0.0000000
-0.7136586,-0.3692621,-4.0703197,190.7929382,0.0000000,0.0000000
-0.6892927,-0.3861921,-4.1384087,190.8455048,0.0000000,0.0000000
-0.6251744,-0.3836372,-4.1823897,190.8979797,0.0000000,0.0000000
-0.5990188,-0.3860689,-4.2062621,190.9504395,0.0000000,0.0000000
0.0000000,-0.0000000,-14047840280404390755670953607710113792.0000000,0.0000000,-0.0000000,-105941701754880.0000000
0.0092884,-0.6952688,-6.0652966,193.1554871,0.0000000,0.0000000
0.0047495,-0.6676114,-6.0702171,193.2079315,0.0000000,0.0000000
0.0030660,-0.6422300,-6.1027131,193.2604675,0.0000000,0.0000000
-0.1321971,-0.2213779,-5.7755384,193.3129883,0.0000000,0.0000000
-0.0681768,-0.4388509,-6.0258932,193.3654785,0.0000000,0.0000000
-0.0323834,-0.5486792,-6.1500697,193.4179230,0.0000000,0.0000000
-0.0133867,-0.5949730,-6.2129316,193.4704895,0.0000000,0.0000000
0.0212861,-0.5965069,-6.2540593,193.5229797,0.0000000,0.0000000
0.0591404,-0.6138645,-6.2776904,193.5754395,0.0000000,0.0000000
0.0919743,-0.6180126,-6.2979612,193.6279907,0.0000000,0.0000000
0.1467029,-0.6227647,-6.2951093,193.6804657,0.0000000,0.0000000
0.1590087,-0.6352260,-6.3342314,193.7330322,0.0000000,0.0000000
0.1861895,-0.6097323,-6.3411922,193.7854767,0.0000000,0.0000000
0.2440855,-0.6001726,-5.9105082,193.8380280,0.0000000,0.0000000
0.3524544,-0.5942488,-5.5503078,193.8905029,0.0000000,0.0000000
0.3853326,-0.5616121,-5.4058795,193.9429932,0.0000000,0.0000000
0.2353410,-0.3723051,-5.2921314,193.9955139,0.0000000,0.0000000
0.0336070,-0.1454446,-5.2612901,194.0480042,0.0000000,0.0000000
-0.0294306,0.0010786,-5.2968721,194.1004944,0.0000000,0.0000000
-0.0280662,0.0589194,-5.3696575,194.1530151,0.0000000,0.0000000
-0.5486456,0.1829423,-5.9826479,195.2555237,0.0000000,0.0000000
-0.5899501,0.1617151,-5.9557710,195.3079987,0.0000000,0.0000000
-0.6208189,0.1528175,-5.9793415,195.3605194,0.0000000,0.0000000
-0.6651707,0.1136122,-5.9865937,195.4130554,0.0000000,0.0000000
-0.6739442,0.0920140,-5.9709916,195.4655151,0.0000000,0.0000000
-0.7068695,0.0711922,-6.0295033,195.5179749,0.0000000,0.0000000
-0.7378098,0.0319407,-6.0480928,195.5705719,0.0000000,0.0000000
-0.7434432,0.0014168,-6.0566850,195.6230164,0.0000000,0.0000000
-0.7706456,-0.0368679,-6.0664949,195.6755066,0.0000000,0.0000000
-0.7531717,-0.0606526,-6.1332755,195.7280121,0.0000000,0.0000000
-0.7747519,-0.0904430,-6.1794181,195.7805481,0.0000000,0.0000000
-0.7583443,-0.1142768,-6.1814165,195.8329926,0.0000000,0.0000000
-0.7802591,-0.1348605,-6.1701703,195.8855286,0.0000000,0.0000000
-0.7870072,-0.1718073,-6.1908708,195.9380188,0.0000000,0.0000000
-0.7884325,-0.1978409,-6.1867657,195.9905396,0.0000000,0.0000000
-0.7910845,-0.2144306,-6.2106829,196.0429993,0.0000000,0.0000000
-0.7958893,-0.2347559,-6.2283902,196.0955200,0.0000000,0.0000000
-0.7913646,-0.2579640,-6.2615604,196.1480103,0.0000000,0.0000000
-0.7924315,-0.2718528,-6.2829638,196.2004700,0.0000000,0.0000000
-0.8007546,-0.2824908,-6.2889471,196.2530518,0.0000000,0.0000000
-0.8065391,-0.3139829,-6.3238010,196.3055115,0.0000000,0.0000000
-0.7803429,-0.3538672,-6.3346725,196.3580322,0.0000000,0.0000000
-0.7779246,-0.3476413,-6.3510532,196.4104919,0.0000000,0.0000000
-0.8194677,-0.3951723,-6.3752060,196.4630432,0.0000000,0.0000000
-0.8070934,-0.4345773,-6.4066086,196.5154877,0.0000000,0.0000000
-0.8158782,-0.4576630,-6.4175262,196.5680084,0.0000000,0.0000000
-0.8320733,-0.4735817,-6.4325943,196.6205444,0.0000000,0.0000000
-0.8335049,-0.5057053,-6.4383545,196.6730042,0.0000000,0.0000000
-0.8265824,-0.5200746,-6.4505181,196.7255096,0.0000000,0.0000000
-0.8058662,-0.5285457,-6.4409404,196.7780151,0.0000000,0.0000000
-0.8405276,-0.5399017,-6.4048963,196.8305359,0.0000000,0.0000000
-0.8201866,-0.5533061,-6.3791742,196.8829803,0.0000000,0.0000000
-0.8381582,-0.5615947,-6.3873682,196.9355011,0.0000000,0.0000000
-0.8441716,-0.5829191,-6.3722835,196.9880219,0.0000000,0.0000000
-0.8622996,-0.5818005,-6.3614745,197.0405121,0.0000000,0.0000000
-0.8777624,-0.5956133,-6.3244834,197.0930023,0.0000000,0.0000000
-0.8949523,-0.6103211,-6.2931209,197.1455536,0.0000000,0.0000000
-0.9102181,-0.6295161,-6.2930737,197.1980133,0.0000000,0.0000000
-0.8929616,-0.6231271,-6.2572832,197.2504730,0.0000000,0.0000000
-0.9134342,-0.6445968,-6.2304554,197.3030548,0.0000000,0.0000000
-0.9245148,-0.6439639,-6.1955485,197.3554993,0.0000000,0.0000000
-0.9552455,-0.3716525,-6.3819718,198.4579773,0.0000000,0.0000000
-0.9721512,-0.3720486,-6.4297776,198.5105286,0.0000000,0.0000000
-0.9743113,-0.3629567,-6.4358511,198.5630341,0.0000000,0.0000000
-0.9606150,-0.3408870,-6.4407291,198.6155090,0.0000000,0.0000000
-0.9348288,-0.3172070,-6.4431133,198.6679993,0.0000000,0.0000000
-0.9583804,-0.3163836,-6.4600077,198.7205200,0.0000000,0.0000000
-0.9888837,-0.3373933,-6.4650259,198.7730255,1.0000000,0.0000000
-0.9834223,-0.3237189,-6.4857616,198.8254700,1.0000000,0.0000000
-0.9524840,-0.2916228,-6.4981918,198.8780365,1.0000000,0.0000000
-0.9336774,-0.2711361,-6.5124378,198.9305115,1.0000000,0.0000000
-0.9468452,-0.2537157,-6.5672326,198.9830322,1.0000000,0.0000000
-0.9602579,-0.2328710,-6.5741987,199.0355072,1.0000000,0.0000000
-1.0338558,-0.2120602,-6.5564919,199.0880280,1.0000000,0.0000000
-1.0614394,-0.1839124,-6.5792599,199.1405029,1.0000000,0.0000000
-1.0925381,-0.1734770,-6.5656481,199.1929779,1.0000000,0.0000000
-1.1363728,-0.1736915,-6.5544996,199.2455444,1.0000000,0.0000000
-1.1733177,-0.1559539,-6.5377421,199.2983398,1.0000000,0.0000000
-1.1722521,-0.1305647,-6.5622125,199.3508453,1.0000000,0.0000000
-1.1943046,-0.1183401,-6.5630693,199.4033661,1.0000000,0.0000000
-1.2321711,-0.1106350,-6.5468688,199.4558105,1.0000000,0.0000000
-1.2722305,-0.1009283,-6.5583181,199.5083160,1.0000000,0.0000000
-1.2725441,-0.0923680,-6.5806055,199.5608063,1.0000000,0.0000000
-1.3057662,-0.0835269,-6.5827103,199.6133881,1.0000000,0.0000000
-1.3341264,-0.0612041,-6.5748482,199.6658173,1.0000000,0.0000000
-1.3601835,-0.0412333,-6.5569773,199.7183380,1.0000000,0.0000000
-1.4212086,-0.0435228,-6.5272689,199.7708588,1.0000000,0.0000000
-1.4368056,-0.0464490,-6.5572948,199.8233185,1.0000000,0.0000000
-1.4934638,-0.0070984,-6.4798942,199.8758087,1.0000000,0.0000000
-1.5398985,-0.0038603,-6.4601660,199.9284058,1.0000000,0.0000000
-1.5904995,0.0125596,-6.4511914,199.9808350,1.0000000,0.0000000
-1.6073587,0.0532630,-6.3827024,200.0333099,1.0000000,0.0000000
-1.6650879,0.0653524,-6.3705392,200.0858765,1.0000000,0.0000000
-1.6716135,0.0823767,-6.4045067,200.1383209,1.0000000,0.0000000
-1.7056422,0.0900063,-6.3860369,200.1907654,1.0000000,0.0000000
-1.7787877,0.0978439,-6.3328214,200.2433167,1.0000000,0.0000000
-1.8207548,0.0913387,-6.2856536,200.2959137,1.0000000,0.0000000
-1.8536755,0.0989164,-6.2819543,200.3482971,1.0000000,0.0000000
-1.9068586,0.0921694,-6.2924762,200.4008484,1.0000000,0.0000000
-1.9209739,0.1115533,-6.2769799,200.4533539,1.0000000,0.0000000
-1.9614619,0.1083892,-6.2530303,200.5058746,1.0000000,0.0000000
-1.9904075,0.1386942,-6.2263212,200.5582886,1.0000000,0.0000000
-1.6875064,0.0592322,-6.3585644,201.6608276,1.0000000,0.0000000
-1.6823077,0.0447427,-6.3919334,201.7133179,1.0000000,0.0000000
-1.6505768,0.0213564,-6.4138274,201.7658234,1.0000000,0.0000000
-1.6337938,0.0153733,-6.4356613,201.8182831,1.0000000,0.0000000
-1.6397426,0.0116055,-6.4371676,201.8708801,1.0000000,0.0000000
-1.6041706,0.0064436,-6.4381423,201.9233246,1.0000000,0.0000000
-1.5965757,-0.0089024,-6.4451213,201.9758911,1.0000000,0.0000000
-1.5807291,-0.0159687,-6.4602218,202.0283051,1.0000000,0.0000000
-1.5412939,-0.0300890,-6.4971986,202.0808563,1.0000000,0.0000000
-1.5490773,-0.0529218,-6.4983149,202.1333313,1.0000000,0.0000000
-1.5330383,-0.0724138,-6.5096817,202.1858521,1.0000000,0.0000000
-1.5355307,-0.0863220,-6.5135393,202.2383118,1.0000000,0.0000000
-1.5359132,-0.1008555,-6.5167546,202.2908020,1.0000000,0.0000000
-1.5152664,-0.1265780,-6.5343909,202.3433685,1.0000000,0.0000000
-1.5645373,-0.1667160,-6.5049367,202.3958893,1.0000000,0.0000000
-1.5432675,-0.1724043,-6.4713326,202.4483185,1.0000000,0.0000000
-1.5591215,-0.2098230,-6.5009661,202.5008087,1.0000000,0.0000000
-1.5647951,-0.2150876,-6.4898734,202.5534210,1.0000000,0.0000000
-1.5587940,-0.2136409,-6.4809422,202.6058655,1.0000000,0.0000000
-1.5384142,-0.2254973,-6.4600935,202.6584015,1.0000000,0.0000000
-1.5202038,-0.2334757,-6.4510746,202.7107849,1.0000000,0.0000000
-1.5232747,-0.2350397,-6.4802318,202.7633362,1.0000000,0.0000000
-1.5749116,-0.2512441,-6.4556017,202.8157959,1.0000000,0.0000000
-1.6230345,-0.2547832,-6.4138556,202.8683014,1.0000000,0.0000000
-1.6136893,-0.2810075,-6.4293718,202.9208832,1.0000000,0.0000000
-1.6163533,-0.2769535,-6.4113050,202.9733124,1.0000000,0.0000000
-1.6410365,-0.2736725,-6.3920255,203.0258179,1.0000000,0.0000000
-1.6667808,-0.2649156,-6.3790684,203.0783081,1.0000000,0.0000000
-1.6338007,-0.2393124,-6.3864069,203.1308441,1.0000000,0.0000000
-1.6915451,-0.2592835,-6.3695674,203.1833191,1.0000000,0.0000000
-1.7208848,-0.3109698,-6.3333106,203.2358704,1.0000000,0.0000000
-1.7795391,-0.3613952,-6.2944465,203.2883911,1.0000000,0.0000000
-1.7686554,-0.3555045,-6.2842240,203.3408508,1.0000000,0.0000000
-1.7597660,-0.3616043,-6.2259688,203.3933411,1.0000000,0.0000000
-1.7799398,-0.3297350,-6.2348671,203.4458771,1.0000000,0.0000000
-1.7902007,-0.3163616,-6.2394838,203.4983521,1.0000000,0.0000000
-1.8035665,-0.3238511,-6.2130985,203.5508270,1.0000000,0.0000000
-1.8082285,-0.3174461,-6.1880975,203.6033783,1.0000000,0.0000000
-1.8145975,-0.3031946,-6.1815972,203.6558380,1.0000000,0.0000000
-1.8225092,-0.2955759,-6.1893382,203.7083130,1.0000000,0.0000000
-1.8257012,-0.2921639,-6.1671185,203.7608490,1.0000000,0.0000000
-1.6446508,-0.1747551,-6.3396893,204.8633881,1.0000000,0.0000000
-1.6411830,-0.1948402,-6.3919520,204.9158020,1.0000000,0.0000000
-1.6484435,-0.2163007,-6.3846531,204.9683533,1.0000000,0.0000000
-1.6038617,-0.2236726,-6.3718204,205.0207977,1.0000000,0.0000000
-1.5924870,-0.2490868,-6.4049273,205.0733337,1.0000000,0.0000000
-1.5988234,-0.2507859,-6.4139872,205.1257782,1.0000000,0.0000000
-1.5807670,-0.2417714,-6.4295630,205.1782532,1.0000000,0.0000000
-1.5542215,-0.2041991,-6.4043889,205.2308960,1.0000000,0.0000000
-1.5523167,-0.2229547,-6.3896098,205.2832489,1.0000000,0.0000000
-1.5868311,-0.2773809,-6.3677125,205.3355103,1.0000000,0.0000000
-1.6359013,-0.3152919,-6.3731375,205.3879852,1.0000000,0.0000000
-1.6212499,-0.3170758,-6.3977437,205.4404297,1.0000000,0.0000000
-1.3925365,-0.2460888,-6.3951631,205.4929352,1.0000000,0.0000000
-1.0543140,-0.1321287,-6.3928337,205.5455475,1.0000000,0.0000000
-0.7923905,-0.0730880,-6.3731575,205.5979614,1.0000000,0.0000000
-0.5239642,-0.0379555,-6.3703370,205.6504517,1.0000000,0.0000000
-0.2716255,-0.0294739,-6.3857756,205.7029572,1.0000000,0.0000000
-0.0988398,-0.0231070,-6.3851991,205.7555084,1.0000000,0.0000000
0.0700622,-0.0073757,-6.4073448,205.8079224,1.0000000,0.0000000
0.2740592,0.0162302,-6.4416766,205.8604736,1.0000000,0.0000000
0.4220839,0.0356312,-6.3658123,205.9130096,1.0000000,0.0000000
0.4841253,0.0364211,-6.2011852,205.9654846,1.0000000,0.0000000
0.5173125,0.0620987,-5.9289527,206.0179291,1.0000000,0.0000000
0.4906310,0.0909456,-5.5797610,206.0704803,1.0000000,0.0000000
0.4673303,0.1262115,-5.3272371,206.1230164,1.0000000,0.0000000
0.4429432,0.1752273,-5.0056968,206.1754303,1.0000000,0.0000000
0.4714804,0.2243730,-4.6939645,206.2280121,1.0000000,0.0000000
0.4963610,0.2773830,-4.4485950,206.2804871,1.0000000,0.0000000
0.5178406,0.2966458,-4.3511081,206.3329620,1.0000000,0.0000000
0.4887560,0.3509721,-4.3101492,206.3854523,1.0000000,0.0000000
0.4233186,0.3549705,-4.1777911,206.4380035,1.0000000,0.0000000
0.3971462,0.3207986,-4.1047244,206.4904633,1.0000000,0.0000000
0.3568624,0.2082385,-3.8772891,206.5429535,1.0000000,0.0000000
0.9687142,0.1688757,-2.7739077,206.5954590,1.0000000,0.0000000
0.8149862,0.5354279,-0.9866493,206.6479492,1.0000000,0.0000000
0.7129980,0.6726425,-0.2765380,206.7004395,1.0000000,0.0000000
0.5906951,0.6822494,0.3362671,206.7529907,1.0000000,0.0000000
0.5697926,0.6123510,0.9615707,206.8054810,1.0000000,0.0000000
0.5435728,0.5149360,1.7346393,206.8579407,1.0000000,0.0000000
0.5418842,0.4408023,2.3065114,206.9104614,1.0000000,0.0000000
0.3596458,0.4383284,4.2610812,206.9629517,1.0000000,0.0000000
0.0189396,0.0150825,12.0018549,208.0654449,1.0000000,0.0000000
0.0157678,0.0168142,12.0411921,208.1179199,1.0000000,0.0000000
0.0147254,0.0157167,12.0871010,208.1704559,1.0000000,0.0000000
0.0099549,0.0083389,12.1403608,208.2229919,1.0000000,0.0000000
0.0127210,0.0128201,12.1607685,208.2754211,1.0000000,0.0000000
0.0074894,0.0093793,12.2057247,208.3279266,1.0000000,0.0000000
0.0074927,0.0068921,12.2400913,208.3804779,1.0000000,0.0000000
0.0080658,0.0058172,12.2622328,208.4329224,1.0000000,0.0000000
0.0022765,0.0026881,12.2882195,208.4854584,1.0000000,0.0000000
0.0020237,0.0010550,12.3077059,208.5379639,1.0000000,0.0000000
0.0009525,-0.0004673,12.3292160,208.5904388,1.0000000,0.0000000
0.0001186,-0.0005939,12.3419790,208.6429291,1.0000000,0.0000000
0.0009872,-0.0010545,12.3555288,208.6954651,1.0000000,0.0000000
-0.0084511,-0.0063712,12.3758974,208.7479706,1.0000000,0.0000000
-0.0039486,-0.0054437,12.3832684,208.8004303,1.0000000,0.0000000
-0.0050748,-0.0059565,12.3965988,208.8529510,1.0000000,0.0000000
-0.0018866,-0.0037193,12.3967552,208.9054718,1.0000000,0.0000000
-0.0067771,-0.0046421,12.4106522,208.9579315,1.0000000,0.0000000
0.0009109,0.0001879,12.3992157,209.0104218,1.0000000,0.0000000
0.0059004,0.0017914,12.4001017,209.0630035,1.0000000,0.0000000
0.0000939,-0.0033019,12.4138165,209.1154175,1.0000000,0.0000000
-0.0035199,-0.0041709,12.4214153,209.1679382,1.0000000,0.0000000
-0.0043806,-0.0042790,12.4243355,209.2204742,1.0000000,0.0000000
-0.0082463,-0.0068085,12.4373112,209.2729492,1.0000000,0.0000000
-0.0066815,-0.0059352,12.4337530,209.3254242,1.0000000,0.0000000
-0.0060166,-0.0050493,12.4372749,209.3779297,1.0000000,0.0000000
-0.0054232,-0.0049598,12.4376383,209.4305115,1.0000000,0.0000000
0.0001325,-0.0011851,12.4311914,209.4829102,1.0000000,0.0000000
-0.0020844,-0.0042966,12.4356155,209.5354919,1.0000000,0.0000000
-0.0089777,-0.0086137,12.4456768,209.5879517,1.0000000,0.0000000
-0.0062723,-0.0069429,12.4413414,209.6404266,1.0000000,0.0000000
-0.0068823,-0.0067183,12.4423866,209.6929169,1.0000000,0.0000000
-0.0060050,-0.0075120,12.4406242,209.7454834,1.0000000,0.0000000
-0.0089161,-0.0097038,12.4506578,209.7979431,1.0000000,0.0000000
-0.0065149,-0.0066595,12.4461975,209.8504028,1.0000000,0.0000000
-0.0043100,-0.0054243,12.4439774,209.9029694,1.0000000,0.0000000
-0.0049130,-0.0052772,12.4415445,209.9554443,1.0000000,0.0000000
-0.0055140,-0.0063708,12.4434719,210.0079193,1.0000000,0.0000000
-0.0049582,-0.0073922,12.4442625,210.0604095,1.0000000,0.0000000
-0.0005000,-0.0023550,12.4330940,210.1130066,1.0000000,0.0000000
0.0017333,0.0002642,12.4297771,210.1654358,1.0000000,0.0000000
-0.0036812,-0.0073125,12.4476128,211.2679291,1.0000000,0.0000000
-0.0045143,-0.0077594,12.4488974,211.3204651,1.0000000,0.0000000
-0.0039089,-0.0065713,12.4509172,211.3729858,1.0000000,0.0000000
-0.0053815,-0.0058925,12.4486713,211.4254303,1.0000000,0.0000000
-0.0049134,-0.0038888,12.4461298,211.4779358,1.0000000,0.0000000
-0.0050620,-0.0041277,12.4455481,211.5304260,1.0000000,0.0000000
-0.0078391,-0.0055402,12.4473686,211.5829468,1.0000000,0.0000000
-0.0079863,-0.0070725,12.4489279,211.6354065,1.0000000,0.0000000
-0.0125488,-0.0102071,12.4567337,211.6880035,1.0000000,0.0000000
-0.0143692,-0.0100930,12.4578085,211.7404175,1.0000000,0.0000000
-0.0099407,-0.0080557,12.4492474,211.7929230,1.0000000,0.0000000
-0.0089723,-0.0072637,12.4487801,211.8454895,1.0000000,0.0000000
-0.0052713,-0.0067298,12.4438915,211.8979492,1.0000000,0.0000000
-0.0047805,-0.0049871,12.4449368,211.9504242,1.0000000,0.0000000
-0.0036605,-0.0050498,12.4452448,212.0029755,1.0000000,0.0000000
-0.0060503,-0.0062378,12.4485817,212.0554810,1.0000000,0.0000000
-0.0063694,-0.0075144,12.4497309,212.1079102,1.0000000,0.0000000
-0.0043665,-0.0080153,12.4467468,212.1604462,1.0000000,0.0000000
-0.0051428,-0.0070377,12.4487410,212.2129669,1.0000000,0.0000000
-0.0064258,-0.0068022,12.4507732,212.2654419,1.0000000,0.0000000
0.0009093,-0.0025644,12.4384327,212.3179169,1.0000000,0.0000000
-0.0039533,-0.0053461,12.4424496,212.3704987,1.0000000,0.0000000
-0.0119202,-0.0091679,12.4553719,212.4229584,1.0000000,0.0000000
-0.0102408,-0.0065342,12.4495955,212.4754028,1.0000000,0.0000000
-0.0070611,-0.0064835,12.4491215,212.5279541,1.0000000,0.0000000
-0.0048056,-0.0058774,12.4477959,212.5804291,1.0000000,0.0000000
-0.0064818,-0.0066266,12.4459639,212.6329346,1.0000000,0.0000000
-0.0000134,-0.0015070,12.4369907,212.6854095,1.0000000,0.0000000
-0.0100556,-0.0086641,12.4565020,212.7379913,1.0000000,0.0000000
-0.0089598,-0.0077830,12.4511900,212.7904358,1.0000000,0.0000000
-0.0098394,-0.0099647,12.4577894,212.8429260,1.0000000,0.0000000
-0.0119725,-0.0098294,12.4604731,212.8954620,1.0000000,0.0000000
-0.0062981,-0.0056491,12.4503098,212.9479370,1.0000000,0.0000000
-0.0051587,-0.0037291,12.4457703,213.0004120,1.0000000,0.0000000
-0.0040143,-0.0051933,12.4455194,213.0529480,1.0000000,0.0000000
-0.0107589,-0.0097668,12.4546070,213.1054840,1.0000000,0.0000000
-0.0077960,-0.0057541,12.4494352,213.1578979,1.0000000,0.0000000
-0.0064356,-0.0058965,12.4478588,213.2104340,1.0000000,0.0000000
-0.0064201,-0.0042932,12.4463549,213.2629547,1.0000000,0.0000000
-0.0048075,-0.0044551,12.4475508,213.3154297,1.0000000,0.0000000
-0.0038614,-0.0057157,12.4456549,213.3679047,1.0000000,0.0000000
-0.0006918,-0.0021307,12.4386721,214.4704590,1.0000000,0.0000000
-0.0023603,-0.0047633,12.4416533,214.5229187,1.0000000,0.0000000
-0.0046944,-0.0038149,12.4423790,214.5754242,1.0000000,0.0000000
-0.0041660,-0.0054171,12.4456987,214.6279602,1.0000000,0.0000000
-0.0063743,-0.0037607,12.4477434,214.6804504,1.0000000,0.0000000
-0.0076403,-0.0060476,12.4489117,214.7329254,1.0000000,0.0000000
0.0005037,-0.0026076,12.4377184,214.7854614,1.0000000,0.0000000
-0.0034938,-0.0038775,12.4430981,214.8379517,1.0000000,0.0000000
-0.0036733,-0.0057039,12.4452486,214.8904266,1.0000000,0.0000000
-0.0057395,-0.0082003,12.4506006,214.9429169,1.0000000,0.0000000
-0.0073777,-0.0056707,12.4497337,214.9954529,1.0000000,0.0000000
-0.0025495,-0.0025746,12.4410686,215.0479431,1.0000000,0.0000000
-0.0065289,-0.0046892,12.4482279,215.1004028,1.0000000,0.0000000
-0.0012171,-0.0014601,12.4378319,215.1529846,1.0000000,0.0000000
-0.0122365,-0.0093929,12.4545135,215.2054596,1.0000000,0.0000000
-0.0086316,-0.0094590,12.4483662,215.2579193,1.0000000,0.0000000
-0.0068059,-0.0086219,12.4497280,215.3104401,1.0000000,0.0000000
-0.0060650,-0.0075341,12.4496841,215.3629761,1.0000000,0.0000000
-0.0072750,-0.0065100,12.4502058,215.4154358,1.0000000,0.0000000
-0.0067983,-0.0056796,12.4493589,215.4679260,1.0000000,0.0000000
-0.0078162,-0.0046195,12.4483690,215.5204620,1.0000000,0.0000000
-0.0070605,-0.0061320,12.4498549,215.5729523,1.0000000,0.0000000
-0.0033913,-0.0045698,12.4404621,215.6254272,1.0000000,0.0000000
-0.0033300,-0.0052152,12.4456272,215.6779938,1.0000000,0.0000000
-0.0057272,-0.0047580,12.4473705,215.7304993,1.0000000,0.0000000
-0.0085153,-0.0062850,12.4486923,215.7829132,1.0000000,0.0000000
-0.0008834,-0.0022720,12.4403839,215.8354187,1.0000000,0.0000000
-0.0047417,-0.0038327,12.4437704,215.8879547,1.0000000,0.0000000
-0.0062861,-0.0044200,12.4451141,215.9404449,1.0000000,0.0000000
-0.0067643,-0.0047398,12.4457445,215.9929199,1.0000000,0.0000000
-0.0068374,-0.0049473,12.4460821,216.0454865,1.0000000,0.0000000
-0.0067700,-0.0050986,12.4462929,216.0979462,1.0000000,0.0000000
-0.0088592,-0.0058636,12.4477463,216.1504059,1.0000000,0.0000000
-0.0062803,-0.0053382,12.4482536,216.2029572,1.0000000,0.0000000
-0.0053685,-0.0052061,12.4483204,216.2554474,1.0000000,0.0000000
-0.0050644,-0.0051894,12.4482880,216.3079224,1.0000000,0.0000000
-0.0050360,-0.0052443,12.4481726,216.3604126,1.0000000,0.0000000
-0.0051013,-0.0053178,12.4480410,216.4129944,1.0000000,0.0000000
-0.0051914,-0.0053906,12.4479151,216.4654388,1.0000000,0.0000000
-0.0052551,-0.0054385,12.4478340,216.5179291,1.0000000,0.0000000
-0.0104984,-0.0111705,12.4574766,216.5704651,1.0000000,0.0000000
-0.0037356,-0.0039699,12.4485502,217.6729584,1.0000000,0.0000000
0.0000302,-0.0021235,12.4401817,217.7254028,1.0000000,0.0000000
-0.0043548,-0.0068743,12.4448977,217.7779541,1.0000000,0.0000000
-0.0074264,-0.0049780,12.4454451,217.8304443,1.0000000,0.0000000
-0.0113284,-0.0091611,12.4559002,217.8829193,1.0000000,0.0000000
-0.0063018,-0.0057595,12.4492521,217.9354401,1.0000000,0.0000000
-0.0056903,-0.0067603,12.4483290,217.9880066,1.0000000,0.0000000
-0.0055387,-0.0048017,12.4471331,218.0404205,1.0000000,0.0000000
-0.0064063,-0.0050231,12.4482307,218.0929108,1.0000000,0.0000000
-0.0035877,-0.0064179,12.4466953,218.1454315,1.0000000,0.0000000
0.0021779,-0.0018042,12.4368019,218.1979370,1.0000000,0.0000000
-0.0021199,-0.0046160,12.4443092,218.2504272,1.0000000,0.0000000
-0.0020556,-0.0056717,12.4476538,218.3029327,1.0000000,0.0000000
-0.0046770,-0.0054962,12.4447746,218.3554993,1.0000000,0.0000000
-0.0085716,-0.0060918,12.4457378,218.4078979,1.0000000,0.0000000
-0.0067413,-0.0067306,12.4453678,218.4604187,1.0000000,0.0000000
-0.0129976,-0.0087329,12.4555569,218.5129700,1.0000000,0.0000000
-0.0079845,-0.0053029,12.4507322,218.5654602,1.0000000,0.0000000
-0.0074331,-0.0048834,12.4499063,218.6179047,1.0000000,0.0000000
-0.0080381,-0.0041108,12.4473200,218.6704559,1.0000000,0.0000000
-0.0057917,-0.0082766,12.4438105,218.7229919,1.0000000,0.0000000
-0.0052237,-0.0074032,12.4484310,218.7754059,1.0000000,0.0000000
-0.0043837,-0.0061461,12.4494648,218.8279724,1.0000000,0.0000000
-0.0064482,-0.0062429,12.4466734,218.8804626,1.0000000,0.0000000
-0.0000125,-0.0008601,12.4358807,218.9329376,1.0000000,0.0000000
0.0019014,-0.0011909,12.4352837,218.9854736,1.0000000,0.0000000
-0.0035863,-0.0030066,12.4418077,219.0379791,1.0000000,0.0000000
-0.0026388,-0.0058311,12.4445124,219.0904236,1.0000000,0.0000000
-0.0110430,-0.0101659,12.4538527,219.1429291,1.0000000,0.0000000
-0.0003106,-0.0037527,12.4416571,219.1954498,1.0000000,0.0000000
-0.0040427,-0.0050326,12.4434643,219.2479706,1.0000000,0.0000000
-0.0139748,-0.0089400,12.4572468,219.3004303,1.0000000,0.0000000
-0.0089049,-0.0072739,12.4510393,219.3529510,1.0000000,0.0000000
-0.0077184,-0.0051671,12.4478292,219.4054718,1.0000000,0.0000000
-0.0073891,-0.0066656,12.4480791,219.4579163,1.0000000,0.0000000
-0.0103843,-0.0107391,12.4563208,219.5104523,1.0000000,0.0000000
-0.0125853,-0.0106866,12.4584446,219.5629578,1.0000000,0.0000000
-0.0085634,-0.0070460,12.4516640,219.6154480,1.0000000,0.0000000
-0.0098487,-0.0099452,12.4557934,219.6679382,1.0000000,0.0000000
-0.0065927,-0.0076560,12.4516239,219.7204590,1.0000000,0.0000000
-0.0076904,-0.0046217,12.4485817,219.7729492,1.0000000,0.0000000
0.0005472,-0.0011771,12.4352980,220.8754272,1.0000000,0.0000000
-0.0114872,-0.0075801,12.4555330,220.9279480,1.0000000,0.0000000
-0.0086932,-0.0060779,12.4515438,220.9805145,1.0000000,0.0000000
-0.0074206,-0.0081316,12.4515343,221.0329285,1.0000000,0.0000000
-0.0125833,-0.0116886,12.4579296,221.0854187,1.0000000,0.0000000
-0.0066795,-0.0083601,12.4498224,221.1379700,1.0000000,0.0000000
-0.0096681,-0.0122066,12.4596720,221.1904297,1.0000000,0.0000000
0.0011062,-0.0054602,12.4434710,221.2429047,1.0000000,0.0000000
-0.0029644,-0.0071152,12.4473219,221.2954559,1.0000000,0.0000000
-0.0041328,-0.0080974,12.4493828,221.3480072,1.0000000,0.0000000
-0.0041240,-0.0069920,12.4478827,221.4004059,1.0000000,0.0000000
-0.0062398,-0.0066608,12.4462013,221.4529724,1.0000000,0.0000000
-0.0005309,-0.0050335,12.4423923,221.5054626,1.0000000,0.0000000
-0.0046044,-0.0050286,12.4468956,221.5579224,1.0000000,0.0000000
-0.0037124,-0.0039733,12.4442711,221.6104126,1.0000000,0.0000000
-0.0060891,-0.0056773,12.4448700,221.6630096,1.0000000,0.0000000
-0.0049012,-0.0068558,12.4476843,221.7154694,1.0000000,0.0000000
-0.0061191,-0.0061384,12.4486332,221.7679291,1.0000000,0.0000000
-0.0066331,-0.0074714,12.4500608,221.8204498,1.0000000,0.0000000
-0.0077997,-0.0064580,12.4512091,221.8729553,1.0000000,0.0000000
-0.0078766,-0.0055102,12.4480371,221.9254150,1.0000000,0.0000000
-0.0079659,-0.0053128,12.4470911,221.9779205,1.0000000,0.0000000
-0.0070881,-0.0076712,12.4499149,222.0304718,1.0000000,0.0000000
-0.0052132,-0.0073986,12.4509573,222.0829163,1.0000000,0.0000000
-0.0066362,-0.0043625,12.4484835,222.1354675,1.0000000,0.0000000
-0.0032498,-0.0068677,12.4469166,222.1879578,1.0000000,0.0000000
-0.0075946,-0.0058939,12.4500570,222.2404480,1.0000000,0.0000000
-0.0066948,-0.0063864,12.4451885,222.2929382,1.0000000,0.0000000
-0.0062534,-0.0060014,12.4444866,222.3454590,1.0000000,0.0000000
-0.0057789,-0.0049282,12.4467707,222.3979340,1.0000000,0.0000000
-0.0039823,-0.0033932,12.4440298,222.4504242,1.0000000,0.0000000
-0.0060427,-0.0056698,12.4488802,222.5029297,1.0000000,0.0000000
-0.0090025,-0.0099425,12.4526377,222.5554504,1.0000000,0.0000000
-0.0024440,-0.0048698,12.4362526,222.6079254,1.0000000,0.0000000
-0.0035936,-0.0051431,12.4429264,222.6604614,1.0000000,0.0000000
-0.0016841,-0.0048504,12.4430571,222.7129669,1.0000000,0.0000000
-0.0048666,-0.0068775,12.4469919,222.7654114,1.0000000,0.0000000
-0.0037240,-0.0063487,12.4506817,222.8179321,1.0000000,0.0000000
-0.0057937,-0.0059870,12.4483023,222.8704376,1.0000000,0.0000000
-0.0104291,-0.0091852,12.4587450,222.9229584,1.0000000,0.0000000
-0.0040098,-0.0054490,12.4497833,222.9754028,1.0000000,0.0000000
-0.0064752,-0.0057788,12.4468327,224.0779266,1.0000000,0.0000000
0.0010060,-0.0037732,12.4381542,224.1304626,1.0000000,0.0000000
-0.0013818,-0.0051464,12.4415874,224.1829376,1.0000000,0.0000000
-0.0042747,-0.0043180,12.4463797,224.2354126,1.0000000,0.0000000
-0.0049498,-0.0060380,12.4470110,224.2879639,1.0000000,0.0000000
-0.0049684,-0.0064698,12.4475842,224.3404388,1.0000000,0.0000000
-0.0024208,-0.0068380,12.4468575,224.3929138,1.0000000,0.0000000
-0.0129828,-0.0100620,12.4592752,224.4454651,1.0000000,0.0000000
-0.0100721,-0.0059334,12.4514837,224.4979248,1.0000000,0.0000000
-0.0086555,-0.0054999,12.4488125,224.5504761,1.0000000,0.0000000
-0.0075921,-0.0047192,12.4458151,224.6029358,1.0000000,0.0000000
-0.0062784,-0.0058688,12.4482708,224.6554718,1.0000000,0.0000000
-0.0067888,-0.0069522,12.4475212,224.7079163,1.0000000,0.0000000
-0.0075586,-0.0052924,12.4485617,224.7604523,1.0000000,0.0000000
-0.0043455,-0.0066671,12.4478521,224.8129578,1.0000000,0.0000000
-0.0118561,-0.0103460,12.4524441,224.8654175,1.0000000,0.0000000
-0.0070907,-0.0072145,12.4472065,224.9179382,1.0000000,0.0000000
-0.0117697,-0.0100124,12.4552107,224.9704590,1.0000000,0.0000000
-0.0093625,-0.0061168,12.4511824,225.0229187,1.0000000,0.0000000
-0.0081794,-0.0066692,12.4493341,225.0754089,1.0000000,0.0000000
-0.0001029,-0.0020571,12.4362888,225.1279449,1.0000000,0.0000000
-0.0098489,-0.0066280,12.4528837,225.1804352,1.0000000,0.0000000
-0.0067821,-0.0069213,12.4493828,225.2329407,1.0000000,0.0000000
0.0011140,-0.0030910,12.4350471,225.2854309,1.0000000,0.0000000
-0.0021910,-0.0051962,12.4408569,225.3379822,1.0000000,0.0000000
-0.0031440,-0.0058185,12.4455652,225.3904572,1.0000000,0.0000000
-0.0008957,-0.0083078,12.4466467,225.4429321,1.0000000,0.0000000
-0.0011548,-0.0083614,12.4475889,225.4954529,1.0000000,0.0000000
-0.0019470,-0.0082327,12.4482021,225.5479736,1.0000000,0.0000000
-0.0118197,-0.0087162,12.4553461,225.6004028,1.0000000,0.0000000
-0.0142512,-0.0123483,12.4604692,225.6529388,1.0000000,0.0000000
-0.0108153,-0.0072627,12.4522953,225.7054749,1.0000000,0.0000000
-0.0072720,-0.0049539,12.4472933,225.7579193,1.0000000,0.0000000
0.0017794,-0.0037132,12.4374723,225.8104401,1.0000000,0.0000000
-0.0072494,-0.0075167,12.4492846,225.8629761,1.0000000,0.0000000
0.0004927,-0.0032835,12.4398651,225.9154205,1.0000000,0.0000000
-0.0059209,-0.0041137,12.4453516,225.9678955,1.0000000,0.0000000
-0.0060611,-0.0057857,12.4485807,226.0204620,1.0000000,0.0000000
-0.0049374,-0.0041252,12.4440022,226.0729523,1.0000000,0.0000000
-0.0009854,-0.0025330,12.4369888,226.1254272,1.0000000,0.0000000
-0.0019031,-0.0031631,12.4419451,226.1779480,1.0000000,0.0000000
-0.0081561,-0.0063811,12.4487581,227.2804718,1.0000000,0.0000000
-0.0054912,-0.0055845,12.4446211,227.3329468,1.0000000,0.0000000
-0.0060319,-0.0050082,12.4447041,227.3854370,1.0000000,0.0000000
-0.0058774,-0.0058910,12.4458637,227.4379578,1.0000000,0.0000000
-0.0075574,-0.0038351,12.4486809,227.4904327,1.0000000,0.0000000
-0.0075649,-0.0040081,12.4491491,227.5429382,1.0000000,0.0000000
0.0048333,-0.0086377,12.4538860,227.5954437,1.0000000,0.0000000
-0.0098278,-0.0086471,12.4517365,227.6479492,1.0000000,0.0000000
-0.0147771,-0.0081868,12.4507971,227.7004089,1.0000000,0.0000000
-0.0020227,-0.0060111,12.4460516,227.7529602,1.0000000,0.0000000
-0.0044830,-0.0070092,12.4464970,227.8054504,1.0000000,0.0000000
-0.0050675,-0.0040814,12.4454947,227.8579254,1.0000000,0.0000000
-0.0055763,-0.0051220,12.4472246,227.9104309,1.0000000,0.0000000
-0.0062381,-0.0051068,12.4455605,227.9629822,1.0000000,0.0000000
-0.0000708,-0.0011632,12.4336977,228.0154266,1.0000000,0.0000000
-0.0046029,0.0006928,12.4421854,228.0679169,1.0000000,0.0000000
-0.0056165,-0.0051014,12.4458303,228.1204376,1.0000000,0.0000000
-0.0166124,0.0028926,12.4601603,228.1729736,1.0000000,0.0000000
-0.0742170,0.0570839,12.5199852,228.2254028,1.0000000,0.0000000
-0.1919596,0.2627234,12.7123251,228.2779083,1.0000000,0.0000000
-0.2656972,0.3799125,12.7667313,228.3304596,1.0000000,0.0000000
-0.2549584,0.6435795,12.8017378,228.3829041,1.0000000,0.0000000
-0.1669604,0.9597888,12.9310265,228.4354248,1.0000000,0.0000000
-0.0968519,1.1311136,13.0286026,228.4879913,1.0000000,0.0000000
-0.0004570,1.2853267,13.0734997,228.5404358,1.0000000,0.0000000
-0.0356479,1.3636146,13.0118713,228.5929108,1.0000000,0.0000000
-0.0608871,1.2863797,12.8770781,228.6454620,1.0000000,0.0000000
-0.0574260,1.2408304,12.8243914,228.6979523,1.0000000,0.0000000
0.0423431,1.0728308,12.7645521,228.7504272,1.0000000,0.0000000
0.1350239,0.7817554,12.7437649,228.8029022,1.0000000,0.0000000
0.1512771,0.5183403,12.7150040,228.8554993,1.0000000,0.0000000
0.1206741,0.2294848,12.4935865,228.9079132,1.0000000,0.0000000
0.0748529,0.0081167,12.2895670,228.9604034,1.0000000,0.0000000
-0.0457597,-0.2425963,12.0420218,229.0130005,1.0000000,0.0000000
-0.1171843,-0.3418166,11.8935890,229.0654144,1.0000000,0.0000000
-0.2308822,-0.4062686,11.7470713,229.1179199,1.0000000,0.0000000
-0.3725771,-0.3680237,11.5727806,229.1704407,1.0000000,0.0000000
-0.4379924,-0.3253310,11.5573893,229.2230072,1.0000000,0.0000000
-0.4350685,-0.3001665,11.5621500,229.2754059,1.0000000,0.0000000
-0.2451069,-0.6215098,11.4602232,229.3279572,1.0000000,0.0000000
-0.0735580,-0.8636356,11.5443993,229.3804474,1.0000000,0.0000000
0.5082262,-0.0289852,12.5250912,230.4829254,1.0000000,0.0000000
0.4510723,0.0319282,12.5979815,230.5354156,1.0000000,0.0000000
0.3535613,0.0545518,12.6047392,230.5879974,1.0000000,0.0000000
0.3359202,0.0580964,12.6264191,230.6404266,1.0000000,0.0000000
0.3258700,0.0320623,12.6236258,230.6929321,1.0000000,0.0000000
0.3123144,0.0242891,12.5737896,230.7454681,1.0000000,0.0000000
0.2472729,0.0266921,12.5174742,230.7979584,1.0000000,0.0000000
0.0508397,0.0067792,12.4831066,230.8504181,1.0000000,0.0000000
-0.0782627,-0.0380588,12.4647436,230.9029846,1.0000000,0.0000000
-0.1799764,-0.1309058,12.4100485,230.9554901,1.0000000,0.0000000
-0.0561612,-0.0973130,12.3438673,231.0079041,1.0000000,0.0000000
-0.1054341,-0.0522873,12.4363785,231.0604248,1.0000000,0.0000000
-0.1205063,-0.0256401,12.4835110,231.1129608,1.0000000,0.0000000
-0.1145638,-0.0117594,12.5230560,231.1654510,1.0000000,0.0000000
-0.1111328,-0.0179840,12.5059395,231.2178955,1.0000000,0.0000000
-0.0973241,-0.0035287,12.5045691,231.2704926,1.0000000,0.0000000
-0.0817823,-0.0152513,12.4989614,231.3229675,1.0000000,0.0000000
-0.0708843,-0.0027850,12.5034485,231.3754120,1.0000000,0.0000000
-0.0770082,-0.0220348,12.4695740,231.4279175,1.0000000,0.0000000
-0.0627079,-0.0080560,12.4858160,231.4804535,1.0000000,0.0000000
-0.0397375,0.0004378,12.4905701,231.5329437,1.0000000,0.0000000
-0.0516273,-0.0023898,12.4848843,231.5854340,1.0000000,0.0000000
-0.0436414,-0.0002987,12.4828005,231.6379852,1.0000000,0.0000000
-0.0384665,0.0013481,12.4805412,231.6904297,1.0000000,0.0000000
-0.0316690,-0.0017440,12.4731112,231.7429199,1.0000000,0.0000000
-0.0287713,-0.0034762,12.4700060,231.7954559,1.0000000,0.0000000
-0.0242863,0.0004904,12.4690628,231.8479767,1.0000000,0.0000000
-0.0241647,0.0005236,12.4699116,231.9004059,1.0000000,0.0000000
-0.0360921,-0.0123992,12.4503622,231.9529724,1.0000000,0.0000000
-0.0079636,0.0215145,12.4939842,232.0054626,1.0000000,0.0000000
-0.0123204,0.0203796,12.4900389,232.0579071,1.0000000,0.0000000
-0.0015151,0.0046539,12.4737301,232.1104431,1.0000000,0.0000000
-0.0088798,-0.0006240,12.4618788,232.1629639,1.0000000,0.0000000
0.0016346,0.0199653,12.4882526,232.2154694,1.0000000,0.0000000
-0.0066827,0.0033211,12.4646168,232.2679138,1.0000000,0.0000000
-0.0088472,-0.0029612,12.4532537,232.3204651,1.0000000,0.0000000
-0.0143190,-0.0202754,12.4348507,232.3729401,1.0000000,0.0000000
-0.0087292,-0.0121714,12.4440393,232.4254303,1.0000000,0.0000000
0.0036721,-0.0076710,12.4497480,232.4779053,1.0000000,0.0000000
-0.0018892,-0.0040177,12.4542294,232.5304871,1.0000000,0.0000000
-0.0042731,-0.0046051,12.4524860,232.5829315,1.0000000,0.0000000
-0.0084473,-0.0052690,12.4477921,233.6854248,1.0000000,0.0000000
-0.0009410,-0.0026633,12.4423981,233.7379608,1.0000000,0.0000000
-0.0043267,-0.0072164,12.4465103,233.7904663,1.0000000,0.0000000
-0.0045749,-0.0072610,12.4436426,233.8428955,1.0000000,0.0000000
-0.0057347,-0.0058499,12.4465227,233.8954926,1.0000000,0.0000000
-0.0058019,-0.0056165,12.4468040,233.9479065,1.0000000,0.0000000
-0.0054274,-0.0058353,12.4470892,234.0004120,1.0000000,0.0000000
-0.0049973,-0.0055365,12.4467545,234.0529327,1.0000000,0.0000000
-0.0048815,-0.0054418,12.4466515,234.1054077,1.0000000,0.0000000
-0.0049320,-0.0054476,12.4466639,234.1579285,1.0000000,0.0000000
-0.0056867,-0.0049110,12.4472494,234.2104034,1.0000000,0.0000000
-0.0057102,-0.0052195,12.4473782,234.2630005,1.0000000,0.0000000
-0.0058703,-0.0038016,12.4465017,234.3154297,1.0000000,0.0000000
-0.0071780,-0.0046900,12.4486103,234.3679199,1.0000000,0.0000000
-0.0067983,-0.0041422,12.4493799,234.4204559,1.0000000,0.0000000
-0.0042914,-0.0054546,12.4455080,234.4729767,1.0000000,0.0000000
-0.0055514,-0.0054833,12.4465446,234.5254059,1.0000000,0.0000000
-0.0068575,-0.0062659,12.4492407,234.5779114,1.0000000,0.0000000
-0.0056837,-0.0061670,12.4484138,234.6304932,1.0000000,0.0000000
-0.0069203,-0.0061349,12.4484653,234.6829071,1.0000000,0.0000000
-0.0067229,-0.0054827,12.4446220,234.7354279,1.0000000,0.0000000
-0.0076445,-0.0050598,12.4479685,234.7879486,1.0000000,0.0000000
-0.0062771,-0.0045336,12.4445295,234.8404388,1.0000000,0.0000000
-0.0069076,-0.0055778,12.4469452,234.8929138,1.0000000,0.0000000
-0.0068645,-0.0053697,12.4480200,234.9455109,1.0000000,0.0000000
-0.0115270,-0.0094705,12.4545164,234.9979401,1.0000000,0.0000000
-0.0070187,-0.0061635,12.4500856,235.0504303,1.0000000,0.0000000
0.0003090,-0.0009709,12.4377766,235.1029053,1.0000000,0.0000000
-0.0048066,-0.0038951,12.4430618,235.1554565,1.0000000,0.0000000
-0.0015457,-0.0066870,12.4503012,235.2079468,1.0000000,0.0000000
-0.0025480,-0.0061190,12.4449797,235.2604065,1.0000000,0.0000000
-0.0056873,-0.0031008,12.4439335,235.3129730,1.0000000,0.0000000
-0.0040125,-0.0060967,12.4453478,235.3654327,1.0000000,0.0000000
-0.0055534,-0.0092167,12.4456329,235.4179230,1.0000000,0.0000000
-0.0061927,-0.0077533,12.4475288,235.4704590,1.0000000,0.0000000
0.0011133,0.0019174,12.4320574,235.5229340,1.0000000,0.0000000
-0.0028329,-0.0042614,12.4411507,235.5754395,1.0000000,0.0000000
-0.0048241,-0.0058357,12.4491100,235.6279602,1.0000000,0.0000000
-0.0084009,-0.0078223,12.4508572,235.6804504,1.0000000,0.0000000
-0.0085927,-0.0078096,12.4513960,235.7329254,1.0000000,0.0000000
-0.0089127,-0.0059053,12.4519196,235.7854156,1.0000000,0.0000000
-0.0002781,-0.0013109,12.4425430,236.8879852,1.0000000,0.0000000
0.0030180,0.0010805,12.4346800,236.9404449,1.0000000,0.0000000
-0.0013465,-0.0025695,12.4407396,236.9929352,1.0000000,0.0000000
-0.0071218,-0.0068330,12.4508953,237.0454559,1.0000000,0.0000000
-0.0058621,-0.0037947,12.4457779,237.0979462,1.0000000,0.0000000
-0.0038647,-0.0045966,12.4453850,237.1504059,1.0000000,0.0000000
-0.0043833,-0.0045628,12.4472046,237.2029266,1.0000000,0.0000000
-0.0073952,-0.0056142,12.4466295,237.2555084,1.0000000,0.0000000
-0.0063419,-0.0062846,12.4453182,237.3079224,1.0000000,0.0000000
-0.0020494,-0.0002484,12.4394588,237.3604279,1.0000000,0.0000000
-0.0055631,-0.0043730,12.4428225,237.4129486,1.0000000,0.0000000
-0.0052661,-0.0049009,12.4461250,237.4654236,1.0000000,0.0000000
-0.0052983,-0.0059428,12.4500923,237.5179138,1.0000000,0.0000000
-0.0039918,-0.0036134,12.4505911,237.5704651,1.0000000,0.0000000
-0.0054496,-0.0081544,12.4498692,237.6229858,1.0000000,0.0000000
-0.0061693,-0.0069813,12.4484501,237.6754303,1.0000000,0.0000000
-0.0031088,-0.0072084,12.4466009,237.7279358,1.0000000,0.0000000
-0.0105577,-0.0107209,12.4573460,237.7804565,1.0000000,0.0000000
-0.0093450,-0.0082854,12.4505405,237.8329163,1.0000000,0.0000000
-0.0071959,-0.0073901,12.4453516,237.8854065,1.0000000,0.0000000
-0.0055214,-0.0065651,12.4474554,237.9379730,1.0000000,0.0000000
-0.0070192,-0.0058426,12.4493570,237.9904327,1.0000000,0.0000000
-0.0050248,-0.0062992,12.4490566,238.0429230,1.0000000,0.0000000
-0.0069787,-0.0047032,12.4493551,238.0954132,1.0000000,0.0000000
-0.0054570,-0.0050583,12.4476366,238.1479645,1.0000000,0.0000000
-0.0037789,-0.0049475,12.4481115,238.2004242,1.0000000,0.0000000
-0.0068011,-0.0063281,12.4469509,238.2529602,1.0000000,0.0000000
-0.0068001,-0.0057064,12.4483833,238.3054504,1.0000000,0.0000000
-0.0047462,-0.0066829,12.4467993,238.3579407,1.0000000,0.0000000
-0.0064490,-0.0068927,12.4466591,238.4104004,1.0000000,0.0000000
-0.0049783,-0.0064706,12.4462671,238.4629669,1.0000000,0.0000000
-0.0056514,-0.0042688,12.4462395,238.5154419,1.0000000,0.0000000
-0.0029672,-0.0000137,12.4376678,238.5679321,1.0000000,0.0000000
-0.0058849,-0.0021595,12.4395971,238.6204987,1.0000000,0.0000000
-0.0067488,-0.0051728,12.4474859,238.6729431,1.0000000,0.0000000
-0.0044693,-0.0061210,12.4461203,238.7254333,1.0000000,0.0000000
-0.0054070,-0.0057414,12.4451323,238.7779388,1.0000000,0.0000000
-0.0088315,-0.0128482,12.4559803,238.8304749,1.0000000,0.0000000
-0.0075605,-0.0056852,12.4495173,238.8829041,1.0000000,0.0000000
-0.0059520,-0.0058149,12.4467621,238.9354553,1.0000000,0.0000000
-0.0082660,-0.0058667,12.4470215,238.9879608,1.0000000,0.0000000
-0.0079268,-0.0082601,12.4500341,240.0904236,1.0000000,0.0000000
-0.0115294,-0.0107115,12.4597311,240.1429138,1.0000000,0.0000000
-0.0087464,-0.0078811,12.4538927,240.1954651,1.0000000,0.0000000
-0.0056843,-0.0066619,12.4453526,240.2479553,1.0000000,0.0000000
-0.0055921,-0.0095554,12.4482851,240.3004303,1.0000000,0.0000000
-0.0073525,-0.0081839,12.4473572,240.3529205,1.0000000,0.0000000
-0.0017121,-0.0044932,12.4378710,240.4054718,1.0000000,0.0000000
-0.0051810,-0.0067455,12.4443073,240.4579315,1.0000000,0.0000000
-0.0063425,-0.0075999,12.4450779,240.5104370,1.0000000,0.0000000
-0.0077990,-0.0126994,12.4556217,240.5629578,1.0000000,0.0000000
-0.0057584,-0.0087434,12.4526138,240.6154327,1.0000000,0.0000000
-0.0059917,-0.0072305,12.4491940,240.6679230,1.0000000,0.0000000
-0.0065315,-0.0075057,12.4473801,240.7204590,1.0000000,0.0000000
-0.0067516,-0.0055465,12.4494276,240.7729645,1.0000000,0.0000000
-0.0067657,-0.0029747,12.4479551,240.8254089,1.0000000,0.0000000
-0.0042662,-0.0070018,12.4518929,240.8779449,1.0000000,0.0000000
-0.0051460,-0.0073388,12.4493637,240.9304504,1.0000000,0.0000000
-0.0063837,-0.0061620,12.4499340,240.9829102,1.0000000,0.0000000
-0.0076304,-0.0068927,12.4477024,241.0354462,1.0000000,0.0000000
-0.0074241,-0.0070500,12.4481735,241.0879517,1.0000000,0.0000000
-0.0100075,-0.0114964,12.4556055,241.1404572,1.0000000,0.0000000
-0.0085085,-0.0070965,12.4511843,241.1929169,1.0000000,0.0000000
-0.0058061,-0.0047382,12.4446573,241.2454834,1.0000000,0.0000000
-0.0056950,-0.0030602,12.4440126,241.2979279,1.0000000,0.0000000
-0.0046727,-0.0048910,12.4448690,241.3504486,1.0000000,0.0000000
-0.0051877,-0.0042638,12.4465761,241.4029388,1.0000000,0.0000000
0.0031265,0.0003907,12.4375992,241.4554901,1.0000000,0.0000000
-0.0016866,-0.0009272,12.4406691,241.5079041,1.0000000,0.0000000
-0.0021623,-0.0046546,12.4441633,241.5604248,1.0000000,0.0000000
-0.0058639,-0.0044655,12.4455862,241.6129608,1.0000000,0.0000000
-0.0063884,-0.0071115,12.4480534,241.6654358,1.0000000,0.0000000
-0.0022118,-0.0019342,12.4401083,241.7179565,1.0000000,0.0000000
-0.0046409,-0.0046380,12.4432678,241.7704468,1.0000000,0.0000000
-0.0015420,-0.0008923,12.4381990,241.8229523,1.0000000,0.0000000
-0.0045991,-0.0057633,12.4445248,241.8754120,1.0000000,0.0000000
-0.0055104,-0.0054459,12.4485865,241.9279327,1.0000000,0.0000000
-0.0043401,-0.0069423,12.4501162,241.9804993,1.0000000,0.0000000
-0.0035747,-0.0058863,12.4505663,242.0329590,1.0000000,0.0000000
0.0035191,0.0023590,12.4299898,242.0854187,1.0000000,0.0000000
0.0039034,0.0019970,12.4297180,242.1379852,1.0000000,0.0000000
-0.0031751,-0.0032775,12.4429426,242.1904144,1.0000000,0.0000000
-0.0714586,-0.0107164,9.0883322,243.2929535,1.0000000,0.0000000
-0.0914919,-0.0019197,8.8469572,243.3454742,1.0000000,0.0000000
-0.0994360,-0.0126377,8.6265821,243.3979950,1.0000000,0.0000000
-0.0838993,-0.0130708,8.4610701,243.4504547,1.0000000,0.0000000
-0.0983845,-0.0333645,8.2564430,243.5030060,1.0000000,0.0000000
-0.1091782,-0.0111716,8.0384722,243.5555115,1.0000000,0.0000000
-0.1141197,0.0099410,7.8809805,243.6079407,1.0000000,0.0000000
-0.0940320,-0.0174212,7.7511187,243.6605072,1.0000000,0.0000000
-0.1139110,0.0086836,7.5621319,243.7129974,1.0000000,0.0000000
-0.1175695,0.0037971,7.3028617,243.7654724,1.0000000,0.0000000
-0.1170308,0.0016088,7.0616670,243.8179321,1.0000000,0.0000000
-0.1113034,0.0089514,6.8890715,243.8704834,1.0000000,0.0000000
-0.1414208,0.0094366,6.6346364,243.9229736,1.0000000,0.0000000
-0.1561161,0.0074289,6.3536544,243.9754486,1.0000000,0.0000000
-0.1631822,0.0050298,6.0877066,244.0279541,1.0000000,0.0000000
-0.1411740,-0.0027641,5.9020205,244.0805054,1.0000000,0.0000000
-0.1533064,0.0101396,5.7165813,244.1329346,1.0000000,0.0000000
-0.1511917,-0.0048842,5.5342684,244.1854248,1.0000000,0.0000000
-0.1515943,-0.0098608,5.3985176,244.2380066,1.0000000,0.0000000
-0.1723417,-0.0070411,5.2857118,244.2904510,1.0000000,0.0000000
-0.1756538,-0.0083099,5.1804709,244.3429565,1.0000000,0.0000000
-0.1903108,0.0020428,5.0769734,244.3954926,1.0000000,0.0000000
-0.1732298,-0.0227289,4.9773698,244.4479980,1.0000000,0.0000000
-0.1597286,-0.0279418,4.8810601,244.5004272,1.0000000,0.0000000
-0.1714633,-0.0100758,4.6807346,244.5529480,1.0000000,0.0000000
-0.2093715,-0.0183902,4.5190229,244.6054840,1.0000000,0.0000000
-0.2126671,-0.0283156,4.3206921,244.6580048,1.0000000,0.0000000
-0.2070314,-0.0243589,4.1561804,244.7104340,1.0000000,0.0000000
-0.2032443,-0.0299527,3.9530318,244.7630005,1.0000000,0.0000000
-0.1925661,-0.0369736,3.8223009,244.8154907,1.0000000,0.0000000
-0.2058948,-0.0315307,3.6566653,244.8679352,1.0000000,0.0000000
-0.2200290,-0.0366980,3.4784350,244.9204712,1.0000000,0.0000000
-0.1980783,-0.0326298,3.3855348,244.9729919,1.0000000,0.0000000
-0.2100868,-0.0338951,3.1833744,245.0254517,1.0000000,0.0000000
-0.2188459,-0.0200547,2.9336178,245.0779266,1.0000000,0.0000000
-0.2428912,-0.0255946,2.6660054,245.1305084,1.0000000,0.0000000
-0.2281959,-0.0217885,2.4991839,245.1829376,1.0000000,0.0000000
-0.2374071,-0.0274660,2.2420366,245.2354736,1.0000000,0.0000000
-0.2521882,-0.0400190,2.0003250,245.2879791,1.0000000,0.0000000
-0.2378193,-0.0404448,1.8265597,245.3404999,1.0000000,0.0000000
-0.2328281,-0.0388271,1.5931436,245.3929443,1.0000000,0.0000000
-0.2206489,-0.0475302,-1.7904291,246.4954987,1.0000000,0.0000000
-0.1887810,-0.0601572,-1.8393738,246.5480042,1.0000000,0.0000000
-0.1842460,-0.0824144,-1.9136723,246.6004486,1.0000000,0.0000000
-0.1631368,-0.1436801,-1.9993452,246.6529694,1.0000000,0.0000000
-0.1875383,-0.2012085,-2.0381320,246.7055054,1.0000000,0.0000000
-0.1817667,-0.2714898,-2.0917656,246.7579346,1.0000000,0.0000000
-0.1536213,-0.3176965,-2.1929171,246.8104248,1.0000000,0.0000000
-0.1613629,-0.3272934,-2.2544334,246.8630066,1.0000000,0.0000000
-0.1856322,-0.3102425,-2.3230321,246.9154816,1.0000000,0.0000000
-0.2045448,-0.2851410,-2.3998277,246.9679413,1.0000000,0.0000000
-0.2270004,-0.2836698,-2.4301157,247.0204620,1.0000000,0.0000000
-0.2420979,-0.3009725,-2.4639785,247.0729980,1.0000000,0.0000000
-0.2585709,-0.3226486,-2.5122254,247.1254578,1.0000000,0.0000000
-0.2635280,-0.3298955,-2.5964093,247.1779633,1.0000000,0.0000000
-0.2702078,-0.3218322,-2.6771672,247.2304840,1.0000000,0.0000000
-0.2790247,-0.2839412,-2.7853923,247.2829895,1.0000000,0.0000000
-0.2992502,-0.2571094,-2.8911836,247.3354340,1.0000000,0.0000000
-0.3054188,-0.2571662,-3.0384734,247.3880005,1.0000000,0.0000000
-0.3259553,-0.2558143,-3.1375096,247.4404602,1.0000000,0.0000000
-0.3388772,-0.2418589,-3.2793663,247.4929504,1.0000000,0.0000000
-0.3385400,-0.2027992,-3.4375708,247.5454865,1.0000000,0.0000000
-0.3395313,-0.1806256,-3.5228748,247.5980072,1.0000000,0.0000000
-0.3286698,-0.1797127,-3.6416292,247.6504517,1.0000000,0.0000000
-0.3267003,-0.1891946,-3.7808776,247.7029572,1.0000000,0.0000000
-0.3579120,-0.1962374,-3.9121315,247.7554932,1.0000000,0.0000000
-0.3684768,-0.1830715,-4.0193615,247.8079529,1.0000000,0.0000000
-0.3768668,-0.1725526,-4.1632075,247.8604584,1.0000000,0.0000000
-0.3534319,-0.1761145,-4.3287444,247.9129639,1.0000000,0.0000000
-0.3458184,-0.2083055,-4.4637365,247.9654999,1.0000000,0.0000000
-0.3367878,-0.2275662,-4.5435853,248.0179291,1.0000000,0.0000000
-0.3241235,-0.2468955,-4.6589093,248.0704651,1.0000000,0.0000000
-0.3144983,-0.2541560,-4.7806602,248.1230011,1.0000000,0.0000000
-0.3205840,-0.2672814,-4.8621764,248.1754303,1.0000000,0.0000000
-0.3171304,-0.2783631,-4.9438772,248.2279816,1.0000000,0.0000000
-0.3063005,-0.2735003,-5.0489120,248.2804718,1.0000000,0.0000000
-0.3037931,-0.2790005,-5.1423516,248.3330078,1.0000000,0.0000000
-0.2868020,-0.2893358,-5.2351446,248.3854370,1.0000000,0.0000000
-0.2802177,-0.3199446,-5.3334012,248.4380188,1.0000000,0.0000000
-0.2936398,-0.3465595,-5.4017949,248.4904480,1.0000000,0.0000000
-0.2956628,-0.3690156,-5.4623413,248.5429382,1.0000000,0.0000000
-0.3070189,-0.3751892,-5.5232434,248.5954742,1.0000000,0.0000000
0.1297140,0.0588778,-6.0778966,249.6979828,1.0000000,0.0000000
0.0921493,0.0472543,-6.1024842,249.7504425,1.0000000,0.0000000
0.0532779,0.0631386,-6.1201258,249.8030090,1.0000000,0.0000000
0.0501341,0.0632919,-6.1270399,249.8554535,1.0000000,0.0000000
-0.0126651,0.0689996,-6.1565089,249.9079590,1.0000000,0.0000000
-0.0720880,0.0793801,-6.1949377,249.9604340,1.0000000,0.0000000
-0.1225208,0.0805837,-6.2241430,250.0130157,1.0000000,0.0000000
-0.1149008,0.0779190,-6.2727933,250.0654755,1.0000000,0.0000000
-0.1160562,0.0792402,-6.3376117,250.1179352,1.0000000,0.0000000
-0.1111755,0.0814638,-6.3654737,250.1704865,1.0000000,0.0000000
-0.1306164,0.0875612,-6.3828468,250.2229462,1.0000000,0.0000000
-0.1585494,0.0811647,-6.4081097,250.2754669,1.0000000,0.0000000
-0.1818030,0.0907112,-6.4256363,250.3279419,1.0000000,0.0000000
-0.2045387,0.1129255,-6.4575715,250.3805084,1.0000000,0.0000000
-0.2411993,0.1137092,-6.4757929,250.4329529,1.0000000,0.0000000
-0.2626942,0.1389219,-6.5060167,250.4854584,1.0000000,0.0000000
-0.2835154,0.1722713,-6.5320525,250.5380554,0.0000000,0.0000000
-0.2872727,0.1907880,-6.5606680,250.5905151,0.0000000,0.0000000
-0.2838411,0.1825674,-6.0862060,250.6430054,0.0000000,0.0000000
-0.2836218,0.1850913,-5.5907278,250.6955109,0.0000000,0.0000000
-0.2767228,0.1541950,-5.3130198,250.7480316,0.0000000,0.0000000
-0.2837963,0.1236355,-5.2193823,250.8004761,0.0000000,0.0000000
-0.3044196,0.0594785,-5.2004089,250.8530426,0.0000000,0.0000000
-0.3285681,-0.0076854,-5.2664218,250.9055176,0.0000000,0.0000000
-0.3736126,-0.0393492,-5.2878423,250.9580231,0.0000000,0.0000000
-0.4026746,-0.0677994,-5.4057250,251.0104828,0.0000000,0.0000000
-0.4642120,-0.1143834,-5.4939795,251.0630341,0.0000000,0.0000000
-0.5161454,-0.1706475,-5.6011262,251.1155090,0.0000000,0.0000000
-0.5414640,-0.1994135,-5.6746988,251.1679840,0.0000000,0.0000000
-0.5828412,-0.2382044,-5.7527094,251.2205353,0.0000000,0.0000000
-0.6103761,-0.2778033,-5.8354359,251.2730255,0.0000000,0.0000000
-0.6604683,-0.2907605,-5.8792620,251.3255157,0.0000000,0.0000000
-0.6722059,-0.2923786,-5.9302969,251.3779755,0.0000000,0.0000000
-0.7118601,-0.3270351,-5.9603739,251.4305573,0.0000000,0.0000000
-0.7519151,-0.3403269,-6.0104241,251.4829712,0.0000000,0.0000000
-0.7739793,-0.3541769,-6.0498009,251.5355072,0.0000000,0.0000000
-0.7950319,-0.3803229,-6.0926671,251.5880127,0.0000000,0.0000000
-0.8362983,-0.3799106,-6.1390400,251.6405334,0.0000000,0.0000000
-0.8764961,-0.3716992,-6.1612740,251.6929932,0.0000000,0.0000000
-0.8920131,-0.3915619,-6.1715903,251.7455444,0.0000000,0.0000000
-0.8761795,-0.4077460,-6.1658654,251.7980652,0.0000000,0.0000000
-0.5001438,-0.1881585,-6.4406948,252.9004974,0.0000000,0.0000000
-0.4615926,-0.1726623,-6.4855900,252.9530029,0.0000000,0.0000000
-0.4437627,-0.1546952,-6.5339770,253.0055542,0.0000000,0.0000000
-0.4290120,-0.1531248,-6.5519242,253.0579987,0.0000000,0.0000000
-0.4232199,-0.1413647,-6.5693359,253.1104736,0.0000000,0.0000000
-0.3678347,-0.1315871,-6.6179309,253.1630249,0.0000000,0.0000000
-0.3132655,-0.1207216,-6.6680036,253.2154999,0.0000000,0.0000000
-0.2420810,-0.1275016,-6.6940832,253.2680054,0.0000000,0.0000000
-0.1947859,-0.1251870,-6.7137609,253.3205261,0.0000000,0.0000000
-0.2199347,-0.1235652,-6.6837816,253.3730316,0.0000000,0.0000000
-0.2146849,-0.1342168,-6.6771426,253.4254761,0.0000000,0.0000000
-0.2111100,-0.1386646,-6.6417832,253.4780121,0.0000000,0.0000000
-0.1410408,-0.1551557,-6.6245813,253.5305328,0.0000000,0.0000000
-0.1293450,-0.1653543,-6.6111307,253.5830231,0.0000000,0.0000000
-0.1178696,-0.1912564,-6.6216936,253.6354828,0.0000000,0.0000000
-0.1238285,-0.2094269,-6.6436911,253.6880493,0.0000000,0.0000000
-0.1096206,-0.2154148,-6.6581841,253.7405243,0.0000000,0.0000000
-0.1143370,-0.2202457,-6.6601067,253.7929688,0.0000000,0.0000000
-0.0887263,-0.2293203,-6.6566291,253.8455353,0.0000000,0.0000000
-0.0809510,-0.2515659,-6.6798558,253.8980255,0.0000000,0.0000000
-0.0923136,-0.2642571,-6.6938891,253.9505157,0.0000000,0.0000000
-0.1139398,-0.2700762,-6.6902347,254.0030060,0.0000000,0.0000000
-0.1013783,-0.2477074,-6.7167077,254.0555420,0.0000000,0.0000000
-0.0860214,-0.2206537,-6.7364664,254.1079712,0.0000000,0.0000000
-0.0748140,-0.2255429,-6.7561641,254.1604919,0.0000000,0.0000000
-0.0642393,-0.2179903,-6.7666101,254.2130432,0.0000000,0.0000000
-0.0785807,-0.2018517,-6.7888722,254.2655182,0.0000000,0.0000000
-0.0691169,-0.2036682,-6.7965021,254.3179932,0.0000000,0.0000000
-0.0582040,-0.1972059,-6.8116388,254.3705139,0.0000000,0.0000000
-0.0428147,-0.2153852,-6.8463817,254.4230347,0.0000000,0.0000000
-0.0411612,-0.2096963,-6.8491559,254.4755249,0.0000000,0.0000000
-0.0602171,-0.2161400,-6.8563900,254.5280151,0.0000000,0.0000000
-0.1116502,-0.2206567,-6.8543253,254.5805054,0.0000000,0.0000000
-0.1334542,-0.2213682,-6.8512969,254.6330261,0.0000000,0.0000000
-0.1402014,-0.2162234,-6.8188510,254.6854706,0.0000000,0.0000000
-0.1417848,-0.2115332,-6.7971559,254.7380524,0.0000000,0.0000000
-0.1439992,-0.2170976,-6.7570648,254.7904968,0.0000000,0.0000000
-0.0978746,-0.2234008,-6.7588482,254.8430023,0.0000000,0.0000000
-0.0873353,-0.2270251,-6.7401824,254.8955383,0.0000000,0.0000000
-0.0356863,-0.1986101,-6.7266583,254.9480286,0.0000000,0.0000000
-0.0369340,-0.2269123,-6.7424588,255.0004730,0.0000000,0.0000000
-0.0307882,-0.2351519,-6.7349253,255.0530243,0.0000000,0.0000000
-0.0489771,-0.2533411,-6.7081714,255.1055298,0.0000000,0.0000000
-0.1522196,-0.2243941,-6.5011716,256.2080078,0.0000000,0.0000000
-0.1402845,-0.2307472,-6.5266671,256.2604980,0.0000000,0.0000000
-0.1592376,-0.2196598,-6.5330539,256.3130493,0.0000000,0.0000000
-0.1982485,-0.1877192,-6.5049911,256.3655396,0.0000000,0.0000000
-0.1824590,-0.1537597,-6.5158515,256.4179688,0.0000000,0.0000000
-0.1601415,-0.1571507,-6.5074749,256.4705200,0.0000000,0.0000000
-0.1537881,-0.1642608,-6.4977422,256.5230103,0.0000000,0.0000000
-0.1611133,-0.1532126,-6.5019689,256.5755310,0.0000000,0.0000000
-0.1913222,-0.1319733,-6.5034890,256.6279907,0.0000000,0.0000000
-0.2165933,-0.1120146,-6.5470061,256.6805420,0.0000000,0.0000000
-0.2441698,-0.1021334,-6.5493746,256.7330017,0.0000000,0.0000000
-0.2422999,-0.0959041,-6.5576463,256.7855225,0.0000000,0.0000000
-0.2500400,-0.0851033,-6.5469069,256.8380127,0.0000000,0.0000000
-0.2708329,-0.0803008,-6.5010810,256.8905334,0.0000000,0.0000000
-0.2484383,-0.0989486,-6.4794745,256.9430237,0.0000000,0.0000000
-0.2358049,-0.1097779,-6.4676247,256.9955139,0.0000000,0.0000000
-0.2305858,-0.1055477,-6.4877667,257.0480347,0.0000000,0.0000000
-0.2228457,-0.0995697,-6.5135336,257.1004639,0.0000000,0.0000000
-0.2320969,-0.0901011,-6.5216827,257.1530457,0.0000000,0.0000000
-0.2333828,-0.0883910,-6.5065475,257.2055054,0.0000000,0.0000000
-0.2346953,-0.0932369,-6.5028648,257.2579956,0.0000000,0.0000000
-0.2080883,-0.0841179,-6.5141425,257.3104553,0.0000000,0.0000000
-0.1828096,-0.0901043,-6.5353775,257.3630371,0.0000000,0.0000000
-0.1570766,-0.0928394,-6.5976033,257.4154968,0.0000000,0.0000000
-0.1661668,-0.1284444,-6.6471415,257.4679871,0.0000000,0.0000000
-0.1959038,-0.1545968,-6.6463900,257.5205078,0.0000000,0.0000000
-0.2170362,-0.1707093,-6.6355329,257.5730286,0.0000000,0.0000000
-0.2228553,-0.1729865,-6.6515970,257.6255188,0.0000000,0.0000000
-0.2042140,-0.1855896,-6.6222239,257.6779785,0.0000000,0.0000000
-0.1651156,-0.1936843,-6.6250501,257.7305298,0.0000000,0.0000000
-0.1561223,-0.2008074,-6.5995417,257.7830200,0.0000000,0.0000000
-0.1611743,-0.2033420,-6.6202073,257.8355103,0.0000000,0.0000000
-0.1721722,-0.2059135,-6.6329660,257.8880310,0.0000000,0.0000000
-0.1962524,-0.1952941,-6.6492085,257.9405212,0.0000000,0.0000000
-0.2152043,-0.1751976,-6.6401286,257.9929810,0.0000000,0.0000000
-0.1861295,-0.1710181,-6.6483617,258.0455017,0.0000000,0.0000000
-0.1735545,-0.1698049,-6.6420798,258.0979919,0.0000000,0.0000000
-0.1324836,-0.1803237,-6.6633973,258.1505127,0.0000000,0.0000000
-0.1406368,-0.1905997,-6.7075915,258.2030334,0.0000000,0.0000000
-0.1694870,-0.1753215,-6.7289405,258.2555542,0.0000000,0.0000000
-0.1675520,-0.1753425,-6.7435002,258.3080139,0.0000000,0.0000000
-0.1547402,-0.1929826,-6.7594604,258.3605042,0.0000000,0.0000000
-0.1827802,-0.1945464,-6.8697810,259.4630432,0.0000000,0.0000000
-0.2193217,-0.1891177,-6.8212481,259.5155029,0.0000000,0.0000000
-0.2013099,-0.1677503,-6.8238411,259.5679932,0.0000000,0.0000000
-0.2101892,-0.1638107,-6.8051705,259.6204834,0.0000000,0.0000000
-0.1690121,-0.1658050,-6.7965102,259.6730652,0.0000000,0.0000000
-0.1699783,-0.1600407,-6.7692986,259.7254639,0.0000000,0.0000000
-0.1777555,-0.1585141,-6.7467170,259.7780151,0.0000000,0.0000000
-0.2006907,-0.1466121,-6.7405348,259.8305359,0.0000000,0.0000000
-0.1891713,-0.1443072,-6.7469893,259.8829956,0.0000000,0.0000000
-0.1469003,-0.1409435,-6.7534671,259.9354553,0.0000000,0.0000000
-0.1250373,-0.1443660,-6.7260733,259.9880371,0.0000000,0.0000000
-0.1469127,-0.1207118,-6.7111635,260.0404968,0.0000000,0.0000000
-0.1697752,-0.1234319,-6.7213907,260.0930176,0.0000000,0.0000000
-0.1756926,-0.1318229,-6.7421427,260.1455383,0.0000000,0.0000000
-0.1970452,-0.1383380,-6.7376523,260.1980286,0.0000000,0.0000000
-0.1578751,-0.1304439,-6.7274961,260.2504883,0.0000000,0.0000000
-0.1202833,-0.1361278,-6.7408247,260.3030090,0.0000000,0.0000000
-0.1205876,-0.1282424,-6.7522607,260.3555298,0.0000000,0.0000000
-0.1397764,-0.1365592,-6.7735829,260.4080200,0.0000000,0.0000000
-0.1695001,-0.1680608,-6.7891364,260.4605103,0.0000000,0.0000000
-0.1822063,-0.1750944,-6.7997460,260.5130615,0.0000000,0.0000000
-0.1941179,-0.1647075,-6.7956614,260.5655212,0.0000000,0.0000000
-0.1897190,-0.1792316,-6.7911243,260.6179810,0.0000000,0.0000000
-0.1818081,-0.1867148,-6.7785330,260.6705322,0.0000000,0.0000000
-0.1577250,-0.1804466,-6.7944279,260.7230225,0.0000000,0.0000000
-0.1588758,-0.1840567,-6.7717347,260.7755432,0.0000000,0.0000000
-0.1538782,-0.1850730,-6.8028722,260.8280334,0.0000000,0.0000000
-0.1668807,-0.1940843,-6.7996945,260.8805542,0.0000000,0.0000000
-0.1760499,-0.2056809,-6.8005142,260.9329834,0.0000000,0.0000000
-0.1733748,-0.2023165,-6.8214235,260.9854736,0.0000000,0.0000000
-0.1754721,-0.1880208,-6.8151331,261.0380554,0.0000000,0.0000000
-0.1765009,-0.1825987,-6.8208237,261.0905151,0.0000000,0.0000000
-0.1733324,-0.1747445,-6.8348970,261.1430054,0.0000000,0.0000000
-0.1878719,-0.1749673,-6.8212738,261.1955261,0.0000000,0.0000000
-0.1971575,-0.1826983,-6.7870274,261.2480164,0.0000000,0.0000000
-0.1915425,-0.1911378,-6.7794633,261.3004761,0.0000000,0.0000000
-0.1857713,-0.2037218,-6.7646317,261.3530884,0.0000000,0.0000000
-0.1563694,-0.1981528,-6.7494154,261.4055481,0.0000000,0.0000000
-0.1265520,-0.1913010,-6.7462535,261.4580383,0.0000000,0.0000000
-0.1065272,-0.1904747,-6.7505679,261.5104980,0.0000000,0.0000000
-0.1166443,-0.2025858,-6.7571645,261.5630188,0.0000000,0.0000000
-0.2825271,-0.0704154,-6.7598276,262.9805298,0.0000000,0.0000000
-0.2509349,-0.0532281,-6.7615204,263.0330200,0.0000000,0.0000000
-0.2393077,-0.0488067,-6.7414622,263.0855103,0.0000000,0.0000000
-0.2276325,-0.0490471,-6.7114191,263.1380920,0.0000000,0.0000000
-0.2286304,-0.0476284,-6.7129650,263.1905212,0.0000000,0.0000000
-0.2388654,-0.0486822,-6.6849666,263.2429810,0.0000000,0.0000000
-0.2336821,-0.0807767,-6.6825533,263.2955322,0.0000000,0.0000000
-0.2103997,-0.0939213,-6.6898828,263.3480225,0.0000000,0.0000000
-0.1978051,-0.1159086,-6.7227292,263.4005127,0.0000000,0.0000000
-0.2409024,-0.1140115,-6.7536869,263.4530029,0.0000000,0.0000000
-0.2721618,-0.1107837,-6.7877245,263.5055237,0.0000000,0.0000000
-0.2793800,-0.1248989,-6.8161745,263.5579834,0.0000000,0.0000000
-0.2856660,-0.1422839,-6.8298159,263.6104736,0.0000000,0.0000000
-0.2394368,-0.1358309,-6.8727260,263.6630249,0.0000000,0.0000000
-0.2189193,-0.1267863,-6.9040298,263.7155151,0.0000000,0.0000000
-0.2153361,-0.0919556,-6.9445190,263.7680054,0.0000000,0.0000000
-0.2503345,-0.0574683,-6.9365830,263.8205261,0.0000000,0.0000000
-0.2741982,-0.0714632,-6.9478545,263.8730469,0.0000000,0.0000000
-0.2888229,-0.0893733,-6.9362874,263.9255066,0.0000000,0.0000000
-0.2705239,-0.0928510,-6.9591966,263.9780273,0.0000000,0.0000000
-0.2547093,-0.0774471,-6.9647436,264.0305481,0.0000000,0.0000000
-0.2290278,-0.0654490,-6.9696002,264.0830078,0.0000000,0.0000000
-0.2266245,-0.0786535,-6.9892845,264.1354980,0.0000000,0.0000000
-0.2478537,-0.1152480,-7.0077796,264.1880188,0.0000000,0.0000000
-0.2759823,-0.1340056,-7.0211811,264.2405090,0.0000000,0.0000000
-0.2801021,-0.1354865,-7.0335221,264.2929688,0.0000000,0.0000000
-0.2806324,-0.1483472,-7.0378170,264.3455200,0.0000000,0.0000000
-0.2797772,-0.1815249,-6.9989705,264.3980103,0.0000000,0.0000000
-0.2709130,-0.1927895,-6.9740672,264.4505310,0.0000000,0.0000000
-0.2519074,-0.2231317,-6.9519072,264.5029907,0.0000000,0.0000000
-0.2219359,-0.2612680,-6.9588718,264.5555420,0.0000000,0.0000000
-0.2095709,-0.3019750,-6.9529276,264.6079712,0.0000000,0.0000000
-0.2015625,-0.3191797,-6.9514585,264.6604614,0.0000000,0.0000000
-0.1683056,-0.3337714,-6.9544516,264.7130432,0.0000000,0.0000000
-0.1487790,-0.3284739,-6.9323297,264.7655029,0.0000000,0.0000000
-0.3052800,-0.0938642,-7.2090716,265.8679810,0.0000000,0.0000000
-0.3154926,-0.0659391,-7.1990337,265.9205017,0.0000000,0.0000000
-0.3020451,-0.0480630,-7.2071190,265.9730225,0.0000000,0.0000000
-0.3208640,-0.0377371,-7.1829648,266.0254822,0.0000000,0.0000000
-0.3432481,-0.0480225,-7.1501179,266.0780029,0.0000000,0.0000000
-0.3438805,-0.0332181,-7.1542625,266.1305542,0.0000000,0.0000000
-0.3481191,-0.0291602,-7.1628766,266.1830139,0.0000000,0.0000000
-0.3167091,-0.0320617,-7.1535163,266.2354736,0.0000000,0.0000000
-0.2654642,-0.0285455,-7.1491466,266.2880249,0.0000000,0.0000000
-0.2355527,-0.0287058,-7.1384983,266.3405151,0.0000000,0.0000000
-0.1968116,-0.0305553,-7.1485763,266.3930054,0.0000000,0.0000000
-0.1689015,-0.0410708,-7.1607003,266.4454956,0.0000000,0.0000000
-0.1831514,-0.0555837,-7.1551847,266.4980164,0.0000000,0.0000000
-0.1937499,-0.0681141,-7.2019033,266.5504761,0.0000000,0.0000000
-0.2059641,-0.0938429,-7.2151704,266.6029968,0.0000000,0.0000000
-0.2414601,-0.0963684,-7.2195492,266.6555481,0.0000000,0.0000000
-0.2439562,-0.1165400,-7.2166948,266.7080078,0.0000000,0.0000000
-0.2470677,-0.1177594,-7.2090478,266.7604980,0.0000000,0.0000000
-0.2164684,-0.1119665,-7.2303123,266.8130188,0.0000000,0.0000000
-0.2085939,-0.1194356,-7.2338958,266.8655090,0.0000000,0.0000000
-0.2379302,-0.1235793,-7.2295208,266.9179688,0.0000000,0.0000000
-0.2525613,-0.1319688,-7.2518530,266.9705200,0.0000000,0.0000000
-0.2630161,-0.1569297,-7.2543569,267.0230408,0.0000000,0.0000000
-0.2626640,-0.1615492,-7.2873931,267.0755005,0.0000000,0.0000000
-0.2178934,-0.1687609,-7.3079524,267.1280212,0.0000000,0.0000000
-0.1838964,-0.1549598,-7.3380489,267.1805420,0.0000000,0.0000000
-0.1831902,-0.1504873,-7.3391194,267.2330017,0.0000000,0.0000000
-0.1769695,-0.1641496,-7.3365455,267.2854614,0.0000000,0.0000000
-0.1892742,-0.2143531,-7.2924986,267.3380127,0.0000000,0.0000000
-0.1989158,-0.2300593,-7.2852859,267.3905334,0.0000000,0.0000000
-0.1831141,-0.2421294,-7.2616653,267.4429932,0.0000000,0.0000000
-0.1482025,-0.2360972,-7.2459660,267.4954834,0.0000000,0.0000000
-0.1262291,-0.2253636,-7.2574759,267.5480347,0.0000000,0.0000000
-0.1237403,-0.2340145,-7.2647104,267.6004944,0.0000000,0.0000000
-0.1485892,-0.2222365,-7.2675490,267.6530151,0.0000000,0.0000000
-0.1682295,-0.2419665,-7.2673917,267.7055359,0.0000000,0.0000000
-0.1554182,-0.2642827,-7.2659020,267.7580566,0.0000000,0.0000000
-0.1620975,-0.2769831,-7.2556043,267.8104858,0.0000000,0.0000000
-0.1688687,-0.2947960,-7.2398324,267.8630066,0.0000000,0.0000000
-0.1584373,-0.3244926,-7.2436004,267.9155273,0.0000000,0.0000000
-0.1611600,-0.3482209,-7.2423038,267.9679871,0.0000000,0.0000000
-0.1708490,-0.3916999,-7.2378244,268.0205078,0.0000000,0.0000000
-0.1782328,-0.4109894,-7.2644806,268.0729980,0.0000000,0.0000000
0.3734592,-0.2258305,-7.1765385,269.1754761,0.0000000,0.0000000
0.3592494,-0.2265854,-7.1826854,269.2279968,0.0000000,0.0000000
0.3779719,-0.1996090,-7.1901646,269.2805481,0.0000000,0.0000000
0.3743289,-0.1707871,-7.1622901,269.3330078,0.0000000,0.0000000
0.3630319,-0.1264878,-7.1470561,269.3854980,0.0000000,0.0000000
0.3635762,-0.0741723,-7.1131363,269.4380493,0.0000000,0.0000000
0.3933502,-0.0322211,-7.1076808,269.4905396,0.0000000,0.0000000
0.4221200,-0.0265785,-7.1196270,269.5429688,0.0000000,0.0000000
0.4548217,-0.0232158,-7.1144452,269.5955200,0.0000000,0.0000000
0.5459365,-0.0285588,-7.0334430,269.8580017,0.0000000,0.0000000
0.5612088,-0.0144295,-7.0023055,269.9104614,0.0000000,0.0000000
0.6134917,-0.0133142,-7.0032315,269.9630432,0.0000000,0.0000000
0.6212161,-0.0335659,-6.9642010,270.0155640,0.0000000,0.0000000
0.6261503,-0.0658394,-6.9865212,270.0679932,0.0000000,0.0000000
0.6135570,-0.0861953,-7.0080462,270.1205139,0.0000000,0.0000000
0.6009766,-0.0989846,-7.0349517,270.1730652,0.0000000,0.0000000
0.5897875,-0.1063550,-7.0305190,270.2254944,0.0000000,0.0000000
0.6224862,-0.1428263,-7.0284228,270.2780151,0.0000000,0.0000000
0.6653127,-0.1695129,-7.0295177,270.3305359,0.0000000,0.0000000
0.7169938,-0.1641896,-7.0600324,270.3830566,0.0000000,0.0000000
0.7450960,-0.1724455,-7.0398927,270.4354858,0.0000000,0.0000000
0.7282428,-0.1638276,-7.0440669,270.4880066,0.0000000,0.0000000
0.7646836,-0.1631848,-7.0629764,270.5404968,0.0000000,0.0000000
0.7830777,-0.1741527,-7.0510550,270.5929871,0.0000000,0.0000000
0.8207181,-0.2041910,-7.0468340,270.6455078,0.0000000,0.0000000
0.8617408,-0.2412966,-7.0730019,270.6980286,0.0000000,0.0000000
0.8639448,-0.2626345,-7.0641489,270.7505188,0.0000000,0.0000000
0.8775769,-0.2692019,-7.0598726,270.8030090,0.0000000,0.0000000
0.8673134,-0.2885410,-7.0325422,270.8555298,0.0000000,0.0000000
0.8894673,-0.2914854,-7.0291924,270.9080200,0.0000000,0.0000000
0.9025791,-0.3007340,-7.0247521,270.9605103,0.0000000,0.0000000
0.9217806,-0.3163129,-7.0127583,271.0130310,0.0000000,0.0000000
0.9243942,-0.3287618,-6.9828296,271.0654907,0.0000000,0.0000000
0.9275247,-0.3148405,-6.9724536,271.1180115,0.0000000,0.0000000
0.9170806,-0.2999015,-6.9664841,271.1705017,0.0000000,0.0000000
0.9326686,-0.2997265,-6.9438801,271.2230225,0.0000000,0.0000000
0.9738894,-0.3052273,-7.0140023,271.2754822,1.0000000,0.0000000
1.0111908,-0.3086018,-7.0215769,271.3280029,1.0000000,0.0000000
0.0930238,-0.0681567,-6.9616284,272.4305420,0.0000000,0.0000000
0.0757764,-0.0710125,-6.9543381,272.4830017,0.0000000,0.0000000
0.0587509,-0.0650166,-6.9477110,272.5354614,0.0000000,0.0000000
0.0053047,-0.0619286,-6.9446554,272.5880127,0.0000000,0.0000000
-0.0295626,-0.0666726,-6.9636106,272.6405029,0.0000000,0.0000000
-0.1018640,-0.0718042,-6.9464331,272.6929932,0.0000000,0.0000000
-0.1529768,-0.0629298,-6.9198585,272.7454834,0.0000000,0.0000000
-0.1673267,-0.0673841,-6.9011941,272.7980347,0.0000000,0.0000000
-0.1840381,-0.0824353,-6.9014382,272.8504944,0.0000000,0.0000000
-0.1952665,-0.0640595,-6.9075532,272.9029846,0.0000000,0.0000000
-0.2484317,-0.0325793,-6.9297147,272.9555359,0.0000000,0.0000000
-0.2668045,-0.0052392,-6.9686666,273.0079956,0.0000000,0.0000000
-0.2871165,0.0008977,-7.0027928,273.0605164,0.0000000,0.0000000
-0.2802887,-0.0065500,-7.0391259,273.1130066,0.0000000,0.0000000
-0.2621190,-0.0358180,-7.0958447,273.1655273,0.0000000,0.0000000
-0.2434480,-0.0381927,-7.1227965,273.2179871,0.0000000,0.0000000
-0.2405886,-0.0198723,-7.1733804,273.2705078,0.0000000,0.0000000
-0.2399496,-0.0051207,-7.2014093,273.3229980,0.0000000,0.0000000
-0.2426082,-0.0062451,-7.2362990,273.3754883,0.0000000,0.0000000
-0.2178382,-0.0000597,-7.2563267,273.4279785,0.0000000,0.0000000
-0.1776343,0.0109097,-7.2959142,273.4805603,0.0000000,0.0000000
-0.1620809,0.0190895,-7.3117137,273.5330200,0.0000000,0.0000000
-0.1537416,0.0199821,-7.3289981,273.5854797,0.0000000,0.0000000
-0.1304536,0.0173563,-7.3401170,273.6380310,0.0000000,0.0000000
-0.1299763,-0.0191133,-7.3564525,273.6905212,0.0000000,0.0000000
-0.1006896,-0.0469334,-7.3824873,273.7430115,0.0000000,0.0000000
-0.0812400,-0.0588565,-7.3873210,273.7955322,0.0000000,0.0000000
-0.0706494,-0.0574695,-7.3484373,273.8480225,0.0000000,0.0000000
-0.0844334,-0.0779745,-7.3301153,273.9004822,0.0000000,0.0000000
-0.0571235,-0.0939009,-7.3156924,273.9530029,0.0000000,0.0000000
-0.0725592,-0.1207818,-7.2480292,274.0055237,0.0000000,0.0000000
-0.0851333,-0.1241765,-7.2160716,274.0580139,0.0000000,0.0000000
-0.0776427,-0.1185640,-7.1728516,274.1105042,0.0000000,0.0000000
-0.0884054,-0.1032203,-7.1509438,274.1630554,0.0000000,0.0000000
-0.0793142,-0.1036103,-7.1441417,274.2155151,0.0000000,0.0000000
-0.0280271,-0.1072156,-7.1452341,274.2679749,0.0000000,0.0000000
-0.0061053,-0.1041824,-7.1354933,274.3205261,0.0000000,0.0000000
-0.0318461,-0.0980437,-7.1189184,274.3730469,0.0000000,0.0000000
-0.0361540,-0.1001095,-7.1127582,274.4255066,0.0000000,0.0000000
-0.0131000,-0.1070403,-7.1113596,274.4779968,0.0000000,0.0000000
-0.0133280,-0.1111703,-7.1131363,274.5305481,0.0000000,0.0000000
0.4241488,-0.1586971,-7.0825524,275.6330261,0.0000000,0.0000000
0.4645107,-0.1706227,-7.0866761,275.6855164,0.0000000,0.0000000
0.4913529,-0.1836366,-7.0810790,275.7380371,0.0000000,0.0000000
0.4946744,-0.1925569,-7.0730548,275.7905273,0.0000000,0.0000000
0.4880340,-0.1945950,-7.0729976,275.8430176,0.0000000,0.0000000
0.5199414,-0.2005845,-7.0963550,275.8955078,0.0000000,0.0000000
0.5344757,-0.1929626,-7.1119928,275.9480286,0.0000000,0.0000000
0.5431480,-0.1835445,-7.1191597,276.0005188,0.0000000,0.0000000
0.5561399,-0.1806900,-7.1145415,276.0530090,0.0000000,0.0000000
0.5882233,-0.1652847,-7.1210790,276.1055298,0.0000000,0.0000000
0.6272303,-0.1462837,-7.1192813,276.1580200,0.0000000,0.0000000
0.6609969,-0.1377640,-7.1268034,276.2104797,0.0000000,0.0000000
0.7044711,-0.1075229,-7.1214709,276.2630310,0.0000000,0.0000000
0.6949997,-0.0785700,-7.1345181,276.3155212,0.0000000,0.0000000
0.7149710,-0.0502877,-7.1335249,276.3680115,0.0000000,0.0000000
0.7006901,-0.0546742,-7.1625924,276.4205322,0.0000000,0.0000000
0.7596907,-0.0874081,-7.2146759,276.4730835,0.0000000,0.0000000
0.8009363,-0.1131254,-7.2759299,276.5254822,0.0000000,0.0000000
0.8462506,-0.1253985,-7.3240480,276.5780334,0.0000000,0.0000000
0.8288540,-0.1229015,-7.3613205,276.6305237,0.0000000,0.0000000
0.8259240,-0.1497335,-7.3870592,276.6830139,0.0000000,0.0000000
0.8338729,-0.1508254,-7.4039989,276.7355042,0.0000000,0.0000000
0.8657714,-0.1516896,-7.4244695,276.7880554,0.0000000,0.0000000
0.8759360,-0.1567216,-7.4151115,276.8405151,0.0000000,0.0000000
0.8574114,-0.1562690,-7.4395275,276.8929749,0.0000000,0.0000000
0.8252914,-0.1409088,-7.4419971,276.9455261,0.0000000,0.0000000
0.8194944,-0.1438712,-7.4266109,276.9980469,0.0000000,0.0000000
0.8385104,-0.1476618,-7.4028811,277.0505066,0.0000000,0.0000000
0.8708957,-0.1774535,-7.3986602,277.1029968,0.0000000,0.0000000
0.8741861,-0.1801271,-7.3735256,277.1555481,0.0000000,0.0000000
0.8533996,-0.1838029,-7.3506107,277.2079773,0.0000000,0.0000000
0.7951587,-0.2019486,-7.3289237,277.2604980,0.0000000,0.0000000
0.7709768,-0.2104332,-7.2959299,277.3130188,0.0000000,0.0000000
0.8108938,-0.2370964,-7.2801394,277.3655396,0.0000000,0.0000000
0.8575077,-0.2355734,-7.3000669,277.4179688,0.0000000,0.0000000
0.8554728,-0.2108395,-7.3131337,277.4705200,0.0000000,0.0000000
0.8198628,-0.2100389,-7.2786088,277.5230713,0.0000000,0.0000000
0.8075211,-0.2203388,-7.2666092,277.5754700,0.0000000,0.0000000
0.8671713,-0.2528072,-7.2628293,277.6279907,0.0000000,0.0000000
0.8965844,-0.2604662,-7.2718725,277.6805725,0.0000000,0.0000000
0.9006784,-0.2738422,-7.2569427,277.7330322,0.0000000,0.0000000
0.2524520,-0.3014146,-7.2016664,278.8355408,0.0000000,0.0000000
0.2737822,-0.2921934,-7.1979499,278.8880310,0.0000000,0.0000000
0.2440213,-0.2939651,-7.2614422,278.9404907,0.0000000,0.0000000
0.2288848,-0.3074385,-7.2681799,278.9930115,0.0000000,0.0000000
0.2185766,-0.2862803,-7.3028474,279.0455017,0.0000000,0.0000000
0.1704223,-0.3071504,-7.2824607,279.0980225,0.0000000,0.0000000
0.1022802,-0.3286880,-7.3015194,279.1504822,0.0000000,0.0000000
0.0731836,-0.3305351,-7.2780361,279.2030029,0.0000000,0.0000000
-0.0005093,-0.3302150,-7.2732396,279.2555237,0.0000000,0.0000000
-0.0367648,-0.3377217,-7.2393050,279.3080139,0.0000000,0.0000000
-0.0566995,-0.3281807,-7.2128639,279.3604736,0.0000000,0.0000000
-0.0676361,-0.3122786,-7.2062039,279.4129944,0.0000000,0.0000000
-0.0753423,-0.2938657,-7.1918988,279.4655151,0.0000000,0.0000000
-0.1494325,-0.2895926,-7.2103524,279.5179749,0.0000000,0.0000000
-0.1902167,-0.2762126,-7.2137809,279.5705261,0.0000000,0.0000000
-0.2786536,-0.2560176,-7.2020569,279.6230469,0.0000000,0.0000000
-0.3388341,-0.2223771,-7.1575618,279.6755371,0.0000000,0.0000000
-0.3878138,-0.2034267,-7.1666532,279.7279663,0.0000000,0.0000000
-0.4212637,-0.1776475,-7.1599355,279.7805481,0.0000000,0.0000000
-0.4049116,-0.1522471,-7.1881533,279.8330078,0.0000000,0.0000000
-0.4039842,-0.1606300,-7.2091751,279.8854980,0.0000000,0.0000000
-0.4380127,-0.1609956,-7.2065687,279.9380188,0.0000000,0.0000000
-0.4911776,-0.1422250,-7.1953483,279.9905090,0.0000000,0.0000000
-0.5315480,-0.1215462,-7.2147913,280.0429993,0.0000000,0.0000000
-0.5387256,-0.0916658,-7.2032981,280.0954895,0.0000000,0.0000000
-0.5198477,-0.0780604,-7.2183108,280.1480103,0.0000000,0.0000000
-0.5038325,-0.0607564,-7.2550087,280.2005005,0.0000000,0.0000000
-0.5106934,-0.0129717,-7.2507095,280.2530212,0.0000000,0.0000000
-0.5358243,0.0069432,-7.3213177,280.3055420,0.0000000,0.0000000
-0.5516853,-0.0042667,-7.3738947,280.3580322,0.0000000,0.0000000
-0.5298054,0.0138563,-7.4029188,280.4104919,0.0000000,0.0000000
-0.5159085,0.0559501,-7.4013205,280.4630127,0.0000000,0.0000000
-0.5075549,0.0628785,-7.4317060,280.5155029,0.0000000,0.0000000
-0.5060197,0.0926863,-7.4285474,280.5680237,0.0000000,0.0000000
-0.5143468,0.1031004,-7.4371643,280.6205139,0.0000000,0.0000000
-0.4826788,0.0920015,-7.4062147,280.6730347,0.0000000,0.0000000
-0.4650414,0.0851223,-7.4350805,280.7255249,0.0000000,0.0000000
-0.4252796,0.0948384,-7.4563580,280.7779846,0.0000000,0.0000000
-0.4631560,0.0852090,-7.4321375,280.8305359,0.0000000,0.0000000
-0.5045981,0.0702162,-7.4288907,280.8830261,0.0000000,0.0000000
-0.5082316,0.0683113,-7.4145856,280.9354858,0.0000000,0.0000000
-0.4865260,-0.0827554,-7.0829720,282.0380249,0.0000000,0.0000000
-0.5078395,-0.1089226,-7.0825911,282.0905151,0.0000000,0.0000000
-0.5317881,-0.1512100,-7.0738521,282.1430054,0.0000000,0.0000000
-0.5489755,-0.1718345,-7.0672264,282.1955261,0.0000000,0.0000000
-0.5422050,-0.1808801,-7.0715685,282.2480164,0.0000000,0.0000000
-0.5286781,-0.1686094,-7.0519214,282.3005066,0.0000000,0.0000000
-0.5319717,-0.1751470,-7.0749969,282.3529968,0.0000000,0.0000000
-0.5501937,-0.1944897,-7.0760798,282.4055481,0.0000000,0.0000000
-0.6092902,-0.2380280,-7.0638576,282.4579773,0.0000000,0.0000000
-0.6149199,-0.2394787,-7.0502605,282.5104980,0.0000000,0.0000000
-0.5940982,-0.2414830,-7.0576601,282.5630188,0.0000000,0.0000000
-0.5483676,-0.2479334,-7.0663891,282.6155396,0.0000000,0.0000000
-0.5325995,-0.2577174,-7.0644040,282.6679993,0.0000000,0.0000000
-0.5800494,-0.2807297,-7.0674267,282.7205200,0.0000000,0.0000000
-0.6132744,-0.3005413,-7.0479760,282.7730408,0.0000000,0.0000000
-0.6328670,-0.3202459,-7.0062251,282.8254700,0.0000000,0.0000000
-0.5893083,-0.3276507,-6.9833765,282.8779907,0.0000000,0.0000000
-0.5798729,-0.3491555,-6.9765186,282.9305115,0.0000000,0.0000000
-0.5660251,-0.3705671,-6.9769197,282.9830322,0.0000000,0.0000000
-0.5527490,-0.3799501,-6.9696569,283.0354614,0.0000000,0.0000000
-0.5459341,-0.3821110,-6.9881606,283.0880432,0.0000000,0.0000000
-0.5380734,-0.4014326,-7.0122399,283.1405334,0.0000000,0.0000000
-0.5593995,-0.4361903,-7.0582819,283.1929932,0.0000000,0.0000000
-0.5076722,-0.4365239,-7.0419497,283.2455444,0.0000000,0.0000000
-0.4980115,-0.4366101,-7.0577755,283.2980042,0.0000000,0.0000000
-0.5026049,-0.4289415,-7.0690160,283.3505249,0.0000000,0.0000000
-0.5327709,-0.4392662,-7.0743423,283.4030151,0.0000000,0.0000000
-0.5560085,-0.4560404,-7.0588531,283.4555359,0.0000000,0.0000000
-0.5694976,-0.4839041,-7.0444269,283.5080566,0.0000000,0.0000000
-0.5771460,-0.4874907,-7.0350046,283.5605164,0.0000000,0.0000000
-0.5854238,-0.4908655,-7.0252013,283.6130371,0.0000000,0.0000000
-0.5440525,-0.4994051,-7.0330400,283.6655273,0.0000000,0.0000000
-0.5186085,-0.5247540,-7.0655227,283.7179871,0.0000000,0.0000000
-0.5145111,-0.5405443,-7.0587659,283.7705078,0.0000000,0.0000000
-0.5440681,-0.5546439,-7.0734911,283.8230286,0.0000000,0.0000000
-0.5552104,-0.5425143,-7.0786042,283.8754578,0.0000000,0.0000000
-0.5302033,-0.5409119,-7.1096849,283.9280090,0.0000000,0.0000000
-0.5582159,-0.5802059,-7.1472192,283.9805298,0.0000000,0.0000000
-0.5242490,-0.5764589,-7.1901131,284.0330200,0.0000000,0.0000000
-0.5381243,-0.6033158,-7.1727343,284.0855103,0.0000000,0.0000000
-0.5651841,-0.6132046,-7.1688571,284.1380310,0.0000000,0.0000000
-0.5684527,-0.6150395,-7.1653886,284.1904907,0.0000000,0.0000000
-0.5546687,-0.6253780,-7.1508789,284.2430115,0.0000000,0.0000000
-0.6451066,-0.9316922,-7.2023726,285.3455200,0.0000000,0.0000000
-0.6706129,-0.9539344,-7.2111869,285.3980408,0.0000000,0.0000000
-0.6860231,-0.9566639,-7.2137666,285.4505005,0.0000000,0.0000000
-0.6990981,-0.9745580,-7.2104106,285.5033569,0.0000000,0.0000000
-0.7078903,-0.9876902,-7.2095356,285.5558167,0.0000000,0.0000000
-0.7229258,-0.9874582,-7.2162542,285.6083374,0.0000000,0.0000000
-0.7239107,-0.9863188,-7.2126918,285.6607666,0.0000000,0.0000000
-0.7090513,-0.9711022,-7.2524419,285.7132568,0.0000000,0.0000000
-0.6873156,-0.9772040,-7.2369070,285.7658691,0.0000000,0.0000000
-0.6569468,-0.9940428,-7.2284646,285.8182983,0.0000000,1.0000000
-0.6500701,-1.0002064,-7.2043533,285.8708191,0.0000000,1.0000000
-0.6301815,-1.0066057,-7.2002182,285.9233398,0.0000000,1.0000000
-0.6363135,-1.0620451,-7.1971159,285.9758606,0.0000000,1.0000000
-0.6629513,-1.0501502,-7.2306786,286.0283508,0.0000000,1.0000000
-0.6865765,-1.0245979,-7.2061238,286.0809021,0.0000000,1.0000000
-0.6934221,-0.8796510,-7.2339354,286.1333618,0.0000000,1.0000000
-0.6427189,-0.8023857,-7.2619028,286.1857910,0.0000000,1.0000000
-0.6186901,-0.7498640,-7.2899647,286.2383423,0.0000000,1.0000000
-0.5755824,-0.7146981,-7.3645320,286.2908325,0.0000000,1.0000000
-0.6305493,-0.6839695,-7.3860784,286.3433228,0.0000000,1.0000000
-0.6274799,-0.6471911,-7.3732610,286.3958130,0.0000000,1.0000000
-0.6713907,-0.5870754,-7.3687243,286.4483643,0.0000000,0.0000000
-0.6355949,-0.5035592,-7.3626957,286.5007629,0.0000000,0.0000000
-0.6136880,-0.4452504,-7.3330040,286.5530090,0.0000000,0.0000000
-0.5983745,-0.3633506,-7.3407431,286.6055298,0.0000000,0.0000000
-0.5984117,-0.3320918,-7.3255587,286.6580200,0.0000000,0.0000000
-0.6304516,-0.3180188,-7.3116045,286.7105103,0.0000000,0.0000000
-0.6512228,-0.3058718,-7.3148155,286.7630310,0.0000000,0.0000000
-0.5794834,-0.2916800,-7.2827396,286.8154907,0.0000000,0.0000000
-0.5502400,-0.2723069,-7.2689295,286.8680420,0.0000000,0.0000000
-0.5185677,-0.2663099,-7.2656693,286.9204712,0.0000000,0.0000000
-0.5061632,-0.2744500,-7.2233405,286.9730530,0.0000000,0.0000000
-0.5173181,-0.3125364,-7.2489676,287.0254822,0.0000000,0.0000000
-0.5486553,-0.3564610,-7.2252293,287.0780029,0.0000000,0.0000000
-0.5488722,-0.4092291,-7.2269845,287.1305542,0.0000000,0.0000000
-0.5531893,-0.4326168,-7.2046633,287.1829834,0.0000000,0.0000000
-0.5616536,-0.4668615,-7.1545916,287.2354736,0.0000000,0.0000000
-0.5465643,-0.4717439,-7.1855364,287.2880249,0.0000000,0.0000000
-0.5647261,-0.4913690,-7.2014179,287.3405457,0.0000000,0.0000000
-0.5788470,-0.5096759,-7.2008519,287.3929749,0.0000000,0.0000000
-0.5638204,-0.4959418,-7.1906915,287.4455261,0.0000000,0.0000000
-0.5326695,-0.4859689,-7.1508126,287.4980164,0.0000000,0.0000000
-0.6042717,-0.1113309,-7.2904510,288.6005249,0.0000000,0.0000000
-0.6232416,-0.0947838,-7.2704282,288.6529846,0.0000000,0.0000000
-0.6321236,-0.0691281,-7.2241578,288.7055359,0.0000000,0.0000000
-0.6501201,-0.0722845,-7.1333556,288.7579956,0.0000000,0.0000000
-0.6325994,-0.0603177,-7.1016469,288.8104858,0.0000000,0.0000000
-0.6260988,-0.0354753,-7.0529895,288.8630371,0.0000000,0.0000000
-0.6321260,-0.0198466,-7.0222912,288.9155273,0.0000000,0.0000000
-0.6006172,-0.0010338,-6.9814625,288.9679871,0.0000000,0.0000000
-0.5949961,0.0186339,-7.0120697,289.0205078,0.0000000,0.0000000
-0.5946283,0.0263990,-6.9883814,289.0730591,0.0000000,0.0000000
-0.6013636,0.0606326,-7.0392723,289.1254883,0.0000000,0.0000000
-0.5964950,0.0751990,-7.0430532,289.1780090,0.0000000,0.0000000
-0.6047534,0.1039310,-7.0813503,289.2304993,0.0000000,0.0000000
-0.6469669,0.1355255,-7.1035595,289.2830200,0.0000000,0.0000000
-0.6321850,0.1469530,-7.1279945,289.3354797,0.0000000,0.0000000
-0.5905229,0.1557796,-7.1792369,289.3880615,0.0000000,0.0000000
-0.5369146,0.1634201,-7.2026038,289.4405212,0.0000000,0.0000000
-0.5072251,0.1665207,-7.2261419,289.4930115,0.0000000,0.0000000
-0.4785785,0.0960839,-7.3185849,289.5455017,0.0000000,0.0000000
-0.5282912,0.1824567,-7.3048806,289.5980530,0.0000000,0.0000000
-0.5231546,0.2238448,-7.3334794,289.6504822,0.0000000,0.0000000
-0.5541298,0.2379055,-7.3342023,289.7029724,0.0000000,0.0000000
-0.5305193,0.2435685,-7.3373575,289.7555542,0.0000000,0.0000000
-0.5696577,0.2405426,-7.3800292,289.8080139,0.0000000,0.0000000
-0.6319602,0.2357783,-7.3273373,289.8605042,0.0000000,0.0000000
-0.6443416,0.2498185,-7.3445029,289.9129944,0.0000000,0.0000000
-0.6490136,0.2593306,-7.3101501,289.9655457,0.0000000,0.0000000
-0.6194734,0.2541421,-7.2987390,290.0179749,0.0000000,0.0000000
-0.6139733,0.2832481,-7.3481736,290.0705261,0.0000000,0.0000000
-0.5946808,0.2904274,-7.3305221,290.1230164,0.0000000,0.0000000
-0.5980121,0.3255840,-7.3169332,290.1754761,0.0000000,0.0000000
-0.5908583,0.3681189,-7.3401875,290.2279663,0.0000000,0.0000000
-0.6193200,0.3785041,-7.3417387,290.2805481,0.0000000,0.0000000
-0.6063721,0.3837544,-7.3610339,290.3330383,0.0000000,0.0000000
-0.6218815,0.3772383,-7.3884339,290.3854675,0.0000000,0.0000000
-0.6170053,0.3823712,-7.4048386,290.4380493,0.0000000,0.0000000
-0.6043642,0.3829848,-7.4195499,290.4905090,0.0000000,0.0000000
-0.6276934,0.3860174,-7.4303679,290.5429993,0.0000000,0.0000000
-0.6732224,0.3835124,-7.4052191,290.5955200,0.0000000,0.0000000
-0.6774642,0.3827238,-7.3640065,290.6480408,0.0000000,0.0000000
-0.6730163,0.3912694,-7.3420229,290.7005005,0.0000000,0.0000000
-0.6009118,0.6104514,-7.4674697,291.8030090,0.0000000,0.0000000
-0.5750161,0.6090440,-7.4572620,291.8555298,0.0000000,0.0000000
-0.5027707,0.6099297,-7.4629035,291.9080505,0.0000000,0.0000000
-0.4822951,0.6145536,-7.4574895,291.9604797,0.0000000,0.0000000
-0.4922423,0.6112779,-7.4496469,292.0130615,0.0000000,0.0000000
-0.5420127,0.6215654,-7.4445825,292.0654907,0.0000000,0.0000000
-0.5931138,0.6499021,-7.4812760,292.1180115,0.0000000,0.0000000
-0.6106250,0.6557224,-7.4539299,292.1705322,0.0000000,0.0000000
-0.6414656,0.6539431,-7.4640603,292.2230530,0.0000000,0.0000000
-0.5949426,0.6828585,-7.4222903,292.2755127,0.0000000,0.0000000
-0.6159195,0.6710813,-7.4483471,292.3280029,0.0000000,0.0000000
-0.6229258,0.6720169,-7.4129424,292.3805542,0.0000000,0.0000000
-0.6003727,0.6742518,-7.3973269,292.4330139,0.0000000,0.0000000
-0.5637593,0.6813778,-7.4007697,292.4855042,0.0000000,0.0000000
-0.5283060,0.6752410,-7.3968549,292.5380249,0.0000000,0.0000000
-0.5093255,0.6682676,-7.4227223,292.5905457,0.0000000,0.0000000
-0.5454810,0.6460809,-7.4228382,292.6429749,0.0000000,0.0000000
-0.5878813,0.6452678,-7.4127221,292.6954956,0.0000000,0.0000000
-0.5691706,0.6606533,-7.3903451,292.7480164,0.0000000,0.0000000
-0.5710572,0.6733951,-7.3430076,292.8005066,0.0000000,0.0000000
-0.5865937,0.6807876,-7.3314371,292.8529663,0.0000000,0.0000000
-0.5719047,0.7029588,-7.3386087,292.9055176,0.0000000,0.0000000
-0.5687041,0.7007936,-7.3583508,292.9580078,0.0000000,0.0000000
-0.5608587,0.7151139,-7.3755269,293.0104675,0.0000000,0.0000000
-0.5504742,0.7444052,-7.3925056,293.0630188,0.0000000,0.0000000
-0.5483325,0.7679619,-7.3680482,293.1155090,0.0000000,0.0000000
-0.5256717,0.7959369,-7.3416142,293.1679993,0.0000000,0.0000000
-0.5446244,0.8179978,-7.3600059,293.2205200,0.0000000,0.0000000
-0.5432543,0.8396019,-7.3704481,293.2730408,0.0000000,0.0000000
-0.4791801,0.8757105,-7.3664727,293.3254700,0.0000000,0.0000000
-0.5229279,0.8620932,-7.3481960,293.3779907,0.0000000,0.0000000
-0.5366479,0.8785329,-7.3184109,293.4305420,0.0000000,0.0000000
-0.5718544,0.9136375,-7.3095484,293.4830322,0.0000000,0.0000000
-0.5926976,0.9446843,-7.3094320,293.5354919,0.0000000,0.0000000
-0.6261036,0.9685913,-7.3259525,293.5880432,0.0000000,0.0000000
-0.6421233,0.9904722,-7.3610411,293.6405029,0.0000000,1.0000000
-0.5924212,1.0053160,-7.4119205,293.6929932,0.0000000,1.0000000
-0.5828379,1.0060729,-7.3764257,293.7455139,0.0000000,1.0000000
-0.5457281,1.0205344,-7.3623161,293.7980347,0.0000000,1.0000000
-0.5279680,1.0053420,-7.3440447,293.8505249,0.0000000,1.0000000
-0.5284504,0.9702514,-7.3174000,293.9029846,0.0000000,1.0000000
-0.4758556,0.8171459,-6.9832859,295.0055542,0.0000000,1.0000000
-0.4413124,0.7908466,-7.0061407,295.0579834,0.0000000,1.0000000
-0.4734040,0.7427228,-7.0469112,295.1104736,0.0000000,1.0000000
-0.4392349,0.7429336,-7.0662665,295.1630249,0.0000000,1.0000000
-0.4467481,0.7475386,-7.0875487,295.2155457,0.0000000,1.0000000
-0.4667124,0.7577838,-7.1243119,295.2680054,0.0000000,1.0000000
-0.4807971,0.7620329,-7.1095905,295.3205261,0.0000000,1.0000000
-0.5007430,0.7323591,-7.0709710,295.3730469,0.0000000,1.0000000
-0.5454994,0.7152428,-7.0433536,295.4255066,0.0000000,1.0000000
-0.5053334,0.7153575,-7.0322866,295.4779663,0.0000000,1.0000000
-0.4647709,0.7043614,-7.0631046,295.5305176,0.0000000,1.0000000
-0.4439359,0.7076302,-7.0660386,295.5830383,0.0000000,1.0000000
-0.4373079,0.6928672,-7.0788898,295.6354980,0.0000000,1.0000000
-0.4349907,0.7046867,-7.0650392,295.6880188,0.0000000,1.0000000
-0.4554169,0.7053104,-7.0775614,295.7405090,0.0000000,1.0000000
-0.4300630,0.6778139,-7.0609069,295.7929993,0.0000000,1.0000000
-0.4518832,0.6447085,-7.1007752,295.8454590,0.0000000,1.0000000
-0.4696392,0.6231025,-7.0866714,295.8980103,0.0000000,1.0000000
-0.4936110,0.6121106,-7.0696697,295.9505005,0.0000000,1.0000000
-0.4659892,0.6407818,-7.1085253,296.0029907,0.0000000,1.0000000
-0.4478230,0.6673528,-7.1226397,296.0555115,0.0000000,1.0000000
-0.3697868,0.6571628,-7.1602931,296.1080017,0.0000000,1.0000000
-0.3639215,0.6253998,-7.2261724,296.1604919,0.0000000,1.0000000
-0.3705882,0.6545710,-7.2194061,296.2130127,0.0000000,1.0000000
-0.3686295,0.6625583,-7.1791673,296.2655334,0.0000000,1.0000000
-0.4101927,0.6216627,-7.1571393,296.3179626,0.0000000,0.0000000
-0.4135319,0.5908653,-7.1445575,296.3705139,0.0000000,0.0000000
-0.4313301,0.5683039,-7.1280975,296.4230347,0.0000000,0.0000000
-0.4198329,0.5401673,-7.1569753,296.4754944,0.0000000,0.0000000
-0.4306594,0.5375572,-7.1224351,296.5279846,0.0000000,0.0000000
-0.4960021,0.5116888,-7.1155930,296.5805664,0.0000000,0.0000000
-0.5201408,0.4993565,-7.1175318,296.6330261,0.0000000,0.0000000
-0.5201498,0.4912363,-7.1136885,296.6854858,0.0000000,0.0000000
-0.5156345,0.4905918,-7.0899086,296.7380371,0.0000000,0.0000000
-0.5274932,0.4869699,-7.0711656,296.7905273,0.0000000,0.0000000
-0.5301502,0.4806426,-7.0779119,296.8430176,0.0000000,0.0000000
-0.5490454,0.4729389,-7.0480285,296.8954773,0.0000000,0.0000000
-0.5146942,0.4679686,-7.0698900,296.9480591,0.0000000,0.0000000
-0.4780177,0.4623994,-7.1213555,297.0004578,0.0000000,0.0000000
-0.4358340,0.4543443,-7.1576781,297.0530090,0.0000000,0.0000000
-0.4533802,0.4168080,-7.2196059,297.1055298,0.0000000,0.0000000
-0.3107588,-0.1687338,-7.3268986,298.2080383,0.0000000,0.0000000
-0.3381844,-0.1690842,-7.3113451,298.2604980,0.0000000,0.0000000
-0.3526890,-0.1604290,-7.3087225,298.3130493,0.0000000,0.0000000
-0.3774436,-0.1628762,-7.3056002,298.3655396,0.0000000,0.0000000
-0.3932433,-0.1343688,-7.2524018,298.4179993,0.0000000,0.0000000
-0.3874795,-0.1181905,-7.2242007,298.4704895,0.0000000,0.0000000
-0.3312021,-0.1273372,-7.1978579,298.5230408,0.0000000,0.0000000
-0.2840787,-0.1170773,-7.2336922,298.5755005,0.0000000,0.0000000
-0.2701834,-0.1307725,-7.2448812,298.6280212,0.0000000,0.0000000
-0.2971467,-0.1217629,-7.2638922,298.6805420,0.0000000,0.0000000
-0.3353412,-0.0962887,-7.2536759,298.7330017,0.0000000,0.0000000
-0.3755039,-0.0424738,-7.2337437,298.7854919,0.0000000,0.0000000
-0.3837334,0.0019790,-7.2201881,298.8380127,0.0000000,0.0000000
-0.3737115,0.0429819,-7.2310333,298.8905334,0.0000000,0.0000000
-0.3244255,0.0857141,-7.2633071,298.9429932,0.0000000,0.0000000
-0.2926073,0.1392300,-7.2620382,298.9955139,0.0000000,0.0000000
-0.2790444,0.1616862,-7.2842760,299.0480042,0.0000000,0.0000000
-0.2301544,0.1937109,-7.2913489,299.1004944,0.0000000,0.0000000
-0.2270465,0.2345214,-7.3470054,299.1529846,0.0000000,0.0000000
-0.2037606,0.2351092,-7.3678164,299.2055664,0.0000000,0.0000000
-0.1952043,0.2266929,-7.3933110,299.2579956,0.0000000,0.0000000
-0.2405039,0.2162328,-7.3898268,299.3104858,0.0000000,0.0000000
-0.2422935,0.2777518,-7.4012003,299.3630371,0.0000000,0.0000000
-0.2532694,0.3004725,-7.3912172,299.4154968,0.0000000,0.0000000
-0.2824930,0.3454595,-7.3890395,299.4679871,0.0000000,0.0000000
-0.2720926,0.3683131,-7.3590717,299.5204773,0.0000000,0.0000000
-0.2659399,0.4040858,-7.3446984,299.5730591,0.0000000,0.0000000
-0.2588851,0.4212363,-7.3292351,299.6255188,0.0000000,0.0000000
-0.3041287,0.4630725,-7.3232570,299.6780090,0.0000000,0.0000000
-0.3191902,0.5109410,-7.3140907,299.7305298,0.0000000,0.0000000
-0.3353571,0.5255828,-7.3179588,299.7830200,0.0000000,0.0000000
-0.3208662,0.5656203,-7.3081489,299.8355103,0.0000000,0.0000000
-0.3370843,0.5958995,-7.3013525,299.8880310,0.0000000,0.0000000
-0.2895437,0.6288044,-7.2957788,299.9405518,0.0000000,0.0000000
-0.2700671,0.6657593,-7.3005056,299.9929810,0.0000000,0.0000000
-0.2625663,0.6847333,-7.3168454,300.0455017,0.0000000,0.0000000
-0.2844753,0.6939950,-7.3394260,300.0980225,0.0000000,0.0000000
-0.2894772,0.7039230,-7.3564696,300.1505127,0.0000000,0.0000000
-0.3025196,0.7125948,-7.3554893,300.2030029,0.0000000,0.0000000
-0.3369859,0.7408503,-7.3371487,300.2555542,0.0000000,0.0000000
-0.3735588,0.7770790,-7.3088250,300.3080139,0.0000000,0.0000000
-0.4543653,1.0573231,-7.1262007,301.4105225,0.0000000,1.0000000
-0.4584891,1.0452597,-7.1282988,301.4630127,0.0000000,1.0000000
-0.4331680,1.0156516,-7.1274376,301.5155334,0.0000000,1.0000000
-0.4477814,0.9914560,-7.1656685,301.5679626,0.0000000,1.0000000
-0.4980324,0.9511937,-7.2411861,301.6205444,0.0000000,1.0000000
-0.5061490,0.9726856,-7.2276654,301.6730347,0.0000000,1.0000000
-0.5063273,0.9415737,-7.2364488,301.7254944,0.0000000,1.0000000
-0.4983253,0.9242969,-7.2512822,301.7780151,0.0000000,1.0000000
-0.4853058,0.9140576,-7.2650871,301.8305359,0.0000000,1.0000000
-0.5081123,0.8885544,-7.2583842,301.8829956,0.0000000,1.0000000
-0.5160677,0.8707932,-7.2721992,301.9354858,0.0000000,1.0000000
-0.4847468,0.8555539,-7.2914104,301.9880676,0.0000000,1.0000000
-0.4714177,0.8530515,-7.3044977,302.0404968,0.0000000,1.0000000
-0.4191338,0.8213069,-7.3387866,302.0930176,0.0000000,1.0000000
-0.4523160,0.8062221,-7.2952824,302.1454773,0.0000000,1.0000000
-0.4897562,0.7985598,-7.3239727,302.1980591,0.0000000,1.0000000
-0.4928956,0.7702912,-7.3377576,302.2505188,0.0000000,1.0000000
-0.4660122,0.7458865,-7.3314452,302.3030701,0.0000000,1.0000000
-0.4804664,0.7061736,-7.3437667,302.3555298,0.0000000,1.0000000
-0.4513584,1.2485839,-7.3784862,302.4083252,0.0000000,1.0000000
-0.4979695,0.8099217,-7.3892870,302.4607544,0.0000000,0.0000000
-0.5413674,0.5959504,-7.4134860,302.5130310,0.0000000,0.0000000
-0.5333657,0.5148414,-7.3792262,302.5655518,0.0000000,0.0000000
-0.5037538,0.4702296,-7.3736625,302.6180115,0.0000000,0.0000000
-0.4917331,0.4479303,-7.3785338,302.6705322,0.0000000,0.0000000
-0.4784404,0.4675960,-7.3522696,302.7230530,0.0000000,0.0000000
-0.4986725,0.4652997,-7.3929000,302.7755127,0.0000000,0.0000000
-0.4684352,0.4622011,-7.4440789,302.8279724,0.0000000,0.0000000
-0.4922597,0.4472889,-7.4602532,302.8805542,0.0000000,0.0000000
-0.5462654,0.4605220,-7.4356642,302.9330444,0.0000000,0.0000000
-0.5349854,0.4613165,-7.4132018,302.9855042,0.0000000,0.0000000
-0.5264322,0.4749987,-7.4228368,303.0380249,0.0000000,0.0000000
-0.4828078,0.4993424,-7.3869901,303.0905457,0.0000000,0.0000000
-0.4776188,0.4967488,-7.3843374,303.1430054,0.0000000,0.0000000
-0.4680169,0.5189123,-7.3852863,303.1955261,0.0000000,0.0000000
-0.4676791,0.5042546,-7.4072914,303.2480469,0.0000000,0.0000000
-0.4881882,0.4571312,-7.4059219,303.3005066,0.0000000,0.0000000
-0.4428966,0.4657858,-7.3832026,303.3529968,0.0000000,0.0000000
-0.4126279,0.4848849,-7.3872066,303.4055176,0.0000000,0.0000000
-0.4376100,0.4570348,-7.4264383,303.4580078,0.0000000,0.0000000
-0.4455698,0.4619511,-7.4288335,303.5104675,0.0000000,0.0000000
-0.4577908,0.0642344,-7.3480797,304.6130676,0.0000000,0.0000000
-0.4277345,0.0330459,-7.3684974,304.6654968,0.0000000,0.0000000
-0.4151496,-0.0352266,-7.3920069,304.7179871,0.0000000,0.0000000
-0.3976972,-0.0736519,-7.4270935,304.7704773,0.0000000,0.0000000
-0.4247184,-0.1009755,-7.4424248,304.8230591,0.0000000,0.0000000
-0.4602617,-0.1042909,-7.4290891,304.8755188,0.0000000,0.0000000
-0.5079644,-0.1258676,-7.4338331,304.9279785,0.0000000,0.0000000
-0.5151023,-0.1151791,-7.3910050,304.9805298,0.0000000,0.0000000
-0.4840052,-0.1079190,-7.3839893,305.0330200,0.0000000,0.0000000
-0.4802859,-0.1560868,-7.4007964,305.0854797,0.0000000,0.0000000
-0.5000280,-0.1983997,-7.4258265,305.1380615,0.0000000,0.0000000
-0.5372191,-0.2241804,-7.4270511,305.1905823,0.0000000,0.0000000
-0.5662104,-0.2063339,-7.4160933,305.2430115,0.0000000,0.0000000
-0.5775918,-0.2138232,-7.4117241,305.2955017,0.0000000,0.0000000
-0.5506279,-0.2317397,-7.4221306,305.3480225,0.0000000,0.0000000
-0.5455231,-0.2348449,-7.4283166,305.4005127,0.0000000,0.0000000
-0.5624639,-0.2247394,-7.4685988,305.4529724,0.0000000,0.0000000
-0.6152638,-0.2299961,-7.5021443,305.5055542,0.0000000,0.0000000
-0.6471204,-0.2271852,-7.4991751,305.5580444,0.0000000,0.0000000
-0.6423045,-0.2209508,-7.5212049,305.6105042,0.0000000,0.0000000
-0.6339746,-0.2167681,-7.5235381,305.6629944,0.0000000,0.0000000
-0.6477931,-0.1963736,-7.5193453,305.7155457,0.0000000,0.0000000
-0.6609040,-0.1800197,-7.5051003,305.7679749,0.0000000,0.0000000
-0.6951026,-0.1620655,-7.4673505,305.8204956,0.0000000,0.0000000
-0.6474310,-0.1295744,-7.4274001,305.8730774,0.0000000,0.0000000
-0.6020630,-0.1192994,-7.3855166,305.9255066,0.0000000,0.0000000
-0.6065593,-0.1141046,-7.3532624,305.9779968,0.0000000,0.0000000
-0.6139985,-0.1006537,-7.3113728,306.0305176,0.0000000,0.0000000
-0.6053883,-0.0963995,-7.2941933,306.0830383,0.0000000,0.0000000
-0.5923748,-0.0945054,-7.2845836,306.1354980,0.0000000,0.0000000
-0.5671250,-0.1023345,-7.2671924,306.1880188,0.0000000,0.0000000
-0.4955599,-0.1184298,-7.2762170,306.2405396,0.0000000,0.0000000
-0.4523356,-0.1228103,-7.2864842,306.2929993,0.0000000,0.0000000
-0.4164349,-0.1397770,-7.3124394,306.3454895,0.0000000,0.0000000
-0.4271207,-0.1721206,-7.3640647,306.3980408,0.0000000,0.0000000
-0.4097548,-0.1743684,-7.3618436,306.4505310,0.0000000,0.0000000
-0.3861641,-0.1356872,-7.3416800,306.5030212,0.0000000,0.0000000
-0.3855933,-0.1056221,-7.3346801,306.5555420,0.0000000,0.0000000
-0.3744856,-0.0700643,-7.3279104,306.6080017,0.0000000,0.0000000
-0.3670402,-0.0484279,-7.3364391,306.6604919,0.0000000,0.0000000
-0.3777582,-0.0242059,-7.3458314,306.7130127,0.0000000,0.0000000
-0.4166354,0.3920835,-7.2203021,307.8155823,0.0000000,0.0000000
-0.4102853,0.4243031,-7.2158408,307.8679810,0.0000000,0.0000000
-0.4306244,0.4414163,-7.2535653,307.9205017,0.0000000,0.0000000
-0.4263065,0.4759912,-7.2586565,307.9730530,0.0000000,0.0000000
-0.4230602,0.5091493,-7.2506113,308.0255127,0.0000000,0.0000000
-0.3808303,0.5593666,-7.2424192,308.0780029,0.0000000,0.0000000
-0.3593914,0.6007977,-7.2289205,308.1305237,0.0000000,0.0000000
-0.3586889,0.6507082,-7.2010441,308.1830139,0.0000000,0.0000000
-0.3761470,0.6602203,-7.2083635,308.2354736,0.0000000,0.0000000
-0.3653897,0.6701301,-7.2133121,308.2880249,0.0000000,0.0000000
-0.3637041,0.6690947,-7.2113786,308.3405457,0.0000000,0.0000000
-0.3815779,0.6456084,-7.2369900,308.3930054,0.0000000,0.0000000
-0.3800701,0.6874082,-7.1699705,308.4454956,0.0000000,0.0000000
-0.3904848,0.6865736,-7.2219934,308.4980469,0.0000000,0.0000000
-0.3725287,0.6885903,-7.2577782,308.5505066,0.0000000,0.0000000
-0.3926810,0.6992802,-7.2542081,308.6029968,0.0000000,0.0000000
-0.3917722,0.7146862,-7.2383046,308.6555176,0.0000000,0.0000000
-0.3880143,0.7408140,-7.2315006,308.7080383,0.0000000,0.0000000
-0.4006383,0.7811478,-7.2096028,308.7604675,0.0000000,0.0000000
-0.3529397,0.8127885,-7.1873269,308.8130188,0.0000000,0.0000000
-0.3678791,0.8230036,-7.2152538,308.8655090,0.0000000,0.0000000
-0.3491972,0.8444613,-7.1995263,308.9179993,0.0000000,0.0000000
-0.3864502,0.8456547,-7.2124405,308.9704895,0.0000000,0.0000000
-0.3747958,0.8854532,-7.2317219,309.0230408,0.0000000,0.0000000
-0.3896396,0.9435198,-7.2452188,309.0755005,0.0000000,0.0000000
-0.3905612,0.9585208,-7.2736130,309.1280212,0.0000000,0.0000000
-0.3916242,0.9902229,-7.2341638,309.1805420,0.0000000,1.0000000
-0.3985820,1.0129730,-7.2249174,309.2330322,0.0000000,1.0000000
-0.3896543,1.0224162,-7.2283039,309.2855225,0.0000000,1.0000000
-0.3768005,1.0381988,-7.2472224,309.3380127,0.0000000,1.0000000
-0.3685369,1.0529362,-7.2067103,309.3905334,0.0000000,1.0000000
-0.3205708,0.9381918,-7.2896733,309.6004944,0.0000000,1.0000000
-0.3089768,0.9342629,-7.2994304,309.6529846,0.0000000,1.0000000
-0.3140905,0.9088839,-7.2896476,309.7055359,0.0000000,1.0000000
-0.3163024,0.8915077,-7.2815537,309.7580261,0.0000000,1.0000000
-0.3137098,0.8821240,-7.2750425,309.8104858,0.0000000,1.0000000
-0.2586193,0.8885428,-7.3027864,309.8630066,0.0000000,1.0000000
-0.2774000,0.8776918,-7.2715387,309.9155273,0.0000000,1.0000000
-0.2852706,0.8525264,-7.2950535,309.9679871,0.0000000,1.0000000
-0.2733419,0.8403742,-7.2848101,310.0204773,0.0000000,1.0000000
-0.3841238,0.4753931,-7.3163953,311.1230469,0.0000000,0.0000000
-0.3951966,0.4570103,-7.3199239,311.1754761,0.0000000,0.0000000
-0.4000088,0.4474560,-7.3443103,311.2279968,0.0000000,0.0000000
-0.3942915,0.4331580,-7.3503318,311.2805481,0.0000000,0.0000000
-0.3879642,0.4233804,-7.3709421,311.3330383,0.0000000,0.0000000
-0.3858363,0.4117087,-7.3325562,311.3854675,0.0000000,0.0000000
-0.4031126,0.4150193,-7.3422031,311.4380188,0.0000000,0.0000000
-0.4082809,0.4178987,-7.3390660,311.4905090,0.0000000,0.0000000
-0.4126025,0.4074777,-7.3190470,311.5429993,0.0000000,0.0000000
-0.4194497,0.3759034,-7.3151364,311.5954895,0.0000000,0.0000000
-0.4242106,0.3588613,-7.3071699,311.6480103,0.0000000,0.0000000
-0.4411011,0.3419878,-7.3303628,311.7005310,0.0000000,0.0000000
-0.4312965,0.3163878,-7.3610458,311.7529907,0.0000000,0.0000000
-0.4419201,0.2587163,-7.3514304,311.8055115,0.0000000,0.0000000
-0.4386604,0.2282637,-7.3558497,311.8580322,0.0000000,0.0000000
-0.4296135,0.1817132,-7.3654094,311.9105225,0.0000000,0.0000000
-0.4090023,0.1441451,-7.3738174,311.9630127,0.0000000,0.0000000
-0.4231662,0.0966053,-7.3374500,312.0155334,0.0000000,0.0000000
-0.4277427,0.0340947,-7.3244410,312.0679932,0.0000000,0.0000000
-0.4670759,-0.0006124,-7.2751141,312.1205139,0.0000000,0.0000000
-0.4680482,-0.0395340,-7.2665458,312.1730347,0.0000000,0.0000000
-0.4529753,-0.0801995,-7.2891207,312.2254944,0.0000000,0.0000000
-0.4426499,-0.1192690,-7.3558216,312.2780151,0.0000000,0.0000000
-0.4669829,-0.1685712,-7.3913131,312.3305054,0.0000000,0.0000000
-0.4803761,-0.1960032,-7.3893857,312.3830566,0.0000000,0.0000000
-0.4660661,-0.1687637,-7.3349853,312.4355164,0.0000000,0.0000000
-0.4827272,-0.1538454,-7.3446608,312.4880371,0.0000000,0.0000000
-0.4904730,-0.1527962,-7.3321295,312.5404663,0.0000000,0.0000000
-0.4894807,-0.1634843,-7.3181372,312.5930176,0.0000000,0.0000000
-0.4898726,-0.2056339,-7.3160596,312.6455078,0.0000000,0.0000000
-0.4906121,-0.2119154,-7.2501502,312.6980591,0.0000000,0.0000000
-0.5018271,-0.2104740,-7.2483687,312.7505188,0.0000000,0.0000000
-0.5121379,-0.2039520,-7.2681856,312.8030090,0.0000000,0.0000000
-0.5224255,-0.2108145,-7.2456555,312.8555298,0.0000000,0.0000000
-0.5118489,-0.2412664,-7.2732902,312.9080200,0.0000000,0.0000000
-0.4773125,-0.2593366,-7.3780866,312.9605408,0.0000000,0.0000000
-0.4790039,-0.2577893,-7.4398780,313.0130310,0.0000000,0.0000000
-0.5299273,-0.2537098,-7.4301639,313.0655518,0.0000000,0.0000000
-0.5240268,-0.2046155,-7.3907957,313.1180115,0.0000000,0.0000000
-0.5040746,-0.1934262,-7.3886633,313.1705017,0.0000000,0.0000000
-0.4769015,-0.1861965,-7.3774977,313.2230225,0.0000000,0.0000000
-0.4490062,-0.1966910,-7.3961616,313.2755127,0.0000000,0.0000000
-0.2529510,0.0233194,-7.2535105,314.3779907,0.0000000,0.0000000
-0.2342707,0.0039970,-7.2783632,314.4305725,0.0000000,0.0000000
-0.2598099,0.0009692,-7.2628613,314.4830017,0.0000000,0.0000000
-0.3429796,0.0014375,-7.2883348,314.5354919,0.0000000,0.0000000
-0.3540421,0.0388392,-7.2478762,314.5880127,0.0000000,0.0000000
-0.3517113,0.0400922,-7.2289824,314.6405334,0.0000000,0.0000000
-0.3309835,0.0584421,-7.1809373,314.6929932,0.0000000,0.0000000
-0.2827028,0.0836929,-7.1889462,314.7454834,0.0000000,0.0000000
-0.3630219,0.0938957,-7.2236996,314.7980347,0.0000000,0.0000000
-0.4236089,0.0964924,-7.2376013,314.8504944,0.0000000,0.0000000
-0.4579868,0.0664668,-7.2457914,314.9030151,0.0000000,0.0000000
-0.5091055,0.0317774,-7.2409439,314.9555054,0.0000000,0.0000000
-0.5154532,0.0123641,-7.2306347,315.0080261,0.0000000,0.0000000
-0.5516058,0.0102629,-7.2302613,315.0604553,0.0000000,0.0000000
-0.5800804,0.0151857,-7.2905245,315.1130371,0.0000000,0.0000000
-0.6218237,0.0073546,-7.3014398,315.1654968,0.0000000,0.0000000
-0.6369762,-0.0134967,-7.3049054,315.2179871,0.0000000,0.0000000
-0.6421069,-0.0265156,-7.3365083,315.2705078,0.0000000,0.0000000
-0.6379620,-0.0166711,-7.3715034,315.3230286,0.0000000,0.0000000
-0.6799359,-0.0166822,-7.4010363,315.3755188,0.0000000,0.0000000
-0.7333378,-0.0187344,-7.4185753,315.4279785,0.0000000,0.0000000
-0.7992409,-0.0145712,-7.4357443,315.4805298,0.0000000,0.0000000
-0.8376306,-0.0082072,-7.4596171,315.5330200,0.0000000,0.0000000
-0.8313377,0.0084762,-7.4544249,315.5854797,0.0000000,0.0000000
-0.8257380,-0.0185697,-7.4697909,315.6380005,0.0000000,0.0000000
-0.8335750,-0.0196418,-7.4645686,315.6905518,0.0000000,0.0000000
-0.8900921,-0.0096068,-7.4171839,315.7429810,0.0000000,0.0000000
-0.9485811,-0.0042610,-7.3947697,315.7955017,0.0000000,0.0000000
-0.9538478,-0.0098428,-7.4638186,315.8480530,1.0000000,0.0000000
-0.9705471,-0.0211110,-7.5169892,315.9005127,1.0000000,0.0000000
-0.9571940,-0.0102041,-7.5334272,315.9530029,1.0000000,0.0000000
-0.9873404,-0.0181313,-7.5315676,316.0055237,1.0000000,0.0000000
-1.0972768,-0.0190339,-7.5198488,316.0580139,1.0000000,0.0000000
-1.2102438,-0.0235004,-7.5206037,316.1108093,1.0000000,0.0000000
-1.2552649,-0.0175881,-7.5228386,316.1633301,1.0000000,0.0000000
-1.3013922,-0.0053237,-7.5557618,316.2158203,1.0000000,0.0000000
-1.3557469,0.0068415,-7.6294322,316.2682800,1.0000000,0.0000000
-1.4021500,0.0172467,-7.6722975,316.3208008,1.0000000,0.0000000
-1.4595554,0.0256959,-7.7291145,316.3733215,1.0000000,0.0000000
-1.4792000,0.0267390,-7.7782893,316.4258118,1.0000000,0.0000000
-1.4902645,0.0439544,-7.8035975,316.4783325,1.0000000,0.0000000
-1.6620363,0.2076127,-7.4981718,317.5808411,1.0000000,0.0000000
-1.6639481,0.1976266,-7.4914265,317.6333008,1.0000000,0.0000000
-1.6750746,0.1997897,-7.5057940,317.6858215,1.0000000,0.0000000
-1.6860769,0.2063971,-7.5107818,317.7383728,1.0000000,0.0000000
-1.7199962,0.2198762,-7.5237775,317.7908936,1.0000000,0.0000000
-1.7495179,0.2341787,-7.5276842,317.8432922,1.0000000,0.0000000
-1.7724347,0.2382132,-7.5345407,317.8958740,1.0000000,0.0000000
-1.7860411,0.2122692,-7.5483785,317.9483948,1.0000000,0.0000000
-1.8651302,0.1832037,-7.5320945,318.0007935,1.0000000,0.0000000
-1.9217402,0.1761870,-7.5157394,318.0533447,1.0000000,0.0000000
-2.0279670,0.1834300,-7.5141978,318.1058655,1.0000000,0.0000000
-2.1214924,0.2123963,-7.5046692,318.1582947,1.0000000,0.0000000
-2.1803958,0.2166677,-7.4824214,318.2107849,1.0000000,0.0000000
-2.2315824,0.2376348,-7.4485741,318.2633057,1.0000000,0.0000000
-2.3152688,0.2611896,-7.4059234,318.3159180,1.0000000,0.0000000
-2.3958528,0.2967731,-7.3608351,318.3683472,1.0000000,0.0000000
-2.4431469,0.3156089,-7.3368330,318.4208679,1.0000000,0.0000000
-2.4849730,0.3146289,-7.3331480,318.4734497,1.0000000,0.0000000
-2.5064168,0.3003914,-7.3381047,318.5259094,1.0000000,0.0000000
-2.5186059,0.2866256,-7.3383861,318.5782471,1.0000000,0.0000000
-2.5344052,0.2762057,-7.3534794,318.6309204,1.0000000,0.0000000
-2.5230470,0.2708625,-7.3495345,318.6833801,1.0000000,0.0000000
-2.5013998,0.2673314,-7.3590808,318.7357788,1.0000000,0.0000000
-2.4618633,0.2527810,-7.3570938,318.7883911,1.0000000,0.0000000
-2.4533019,0.2446245,-7.3738675,318.8408508,1.0000000,0.0000000
-2.3623302,0.2464451,-7.3621383,318.8932495,1.0000000,0.0000000
-2.3376443,0.2421078,-7.3613825,318.9458008,1.0000000,0.0000000
-2.2893548,0.2565616,-7.3738060,318.9983826,1.0000000,0.0000000
-2.2423277,0.2462438,-7.3933053,319.0508423,1.0000000,0.0000000
-2.1854210,0.2343064,-7.4096193,319.1032410,1.0000000,0.0000000
-2.1039522,0.2288038,-7.3567352,319.1555176,1.0000000,0.0000000
-2.0598557,0.2480547,-7.3083224,319.2079773,1.0000000,0.0000000
-1.9950389,0.2577973,-7.2651486,319.2604675,1.0000000,0.0000000
-1.9848651,0.2772957,-7.2125101,319.3130188,1.0000000,0.0000000
-2.0002115,0.2947593,-7.1989646,319.3654480,1.0000000,0.0000000
-1.9596570,0.3262596,-7.1377282,319.4179382,1.0000000,0.0000000
-1.9477171,0.3436644,-7.1181521,319.4704590,1.0000000,0.0000000
-1.9132715,0.3622195,-7.0834994,319.5229797,1.0000000,0.0000000
-1.8484439,0.3615946,-7.0411439,319.5754700,1.0000000,0.0000000
-1.7797314,0.3606189,-6.8671565,319.6280212,1.0000000,0.0000000
-1.7242143,0.3518619,-6.6338587,319.6805115,1.0000000,0.0000000
-0.2622910,0.1692715,9.3308859,320.7829285,1.0000000,0.0000000
-0.2227418,0.1501568,9.7463274,320.8354187,1.0000000,0.0000000
-0.1984690,0.1130917,10.1460829,320.8879089,1.0000000,0.0000000
-0.1710957,0.0927773,10.4853106,320.9405212,1.0000000,0.0000000
-0.1429117,0.0781706,10.7027073,320.9929504,1.0000000,0.0000000
-0.1148615,0.0744902,10.9308462,321.0454102,1.0000000,0.0000000
-0.1069859,0.0582406,11.1476040,321.0979614,1.0000000,0.0000000
-0.1006428,0.0500016,11.2881727,321.1504517,1.0000000,0.0000000
-0.0833988,0.0431353,11.4437265,321.2029114,1.0000000,0.0000000
-0.0730932,0.0364992,11.5905352,321.2554626,1.0000000,0.0000000
-0.0682994,0.0294968,11.7170258,321.3079224,1.0000000,0.0000000
-0.0597027,0.0278601,11.7941895,321.3604126,1.0000000,0.0000000
-0.0703821,0.0178808,11.8733196,321.4129333,1.0000000,0.0000000
-0.0524545,0.0164815,11.9575272,321.4654541,1.0000000,0.0000000
-0.0422512,0.0146463,12.0136833,321.5179749,1.0000000,0.0000000
-0.0388396,0.0134277,12.0709209,321.5704346,1.0000000,0.0000000
-0.0317939,0.0107039,12.1302843,321.6229858,1.0000000,0.0000000
-0.0268815,0.0073153,12.1734476,321.6754150,1.0000000,0.0000000
-0.0271658,0.0049480,12.2038698,321.7279358,1.0000000,0.0000000
-0.0233878,0.0035123,12.2371006,321.7804565,1.0000000,0.0000000
-0.0203686,0.0005561,12.2669916,321.8329773,1.0000000,0.0000000
-0.0198438,-0.0002699,12.2936773,321.8854370,1.0000000,0.0000000
-0.0158700,0.0007191,12.3129492,321.9379272,1.0000000,0.0000000
-0.0169090,-0.0020502,12.3300228,321.9904480,1.0000000,0.0000000
-0.0148201,-0.0023113,12.3439045,322.0429077,1.0000000,0.0000000
-0.0129566,-0.0005735,12.3550329,322.0954285,1.0000000,0.0000000
-0.0120934,0.0001242,12.3666382,322.1479492,1.0000000,0.0000000
-0.0091096,0.0008899,12.3810682,322.2004395,1.0000000,0.0000000
-0.0111033,-0.0023192,12.3882599,322.2529297,1.0000000,0.0000000
-0.0107208,-0.0017680,12.3941765,322.3054504,1.0000000,0.0000000
-0.0099652,-0.0026608,12.4029341,322.3579407,1.0000000,0.0000000
-0.0107523,-0.0033712,12.4069824,322.4104309,1.0000000,0.0000000
-0.0098184,-0.0040379,12.4106922,322.4629517,1.0000000,0.0000000
-0.0117964,-0.0038870,12.4157953,322.5155029,1.0000000,0.0000000
-0.0085155,-0.0031408,12.4202652,322.5679016,1.0000000,0.0000000
-0.0037650,-0.0027618,12.4259634,322.6204529,1.0000000,0.0000000
-0.0055285,-0.0047196,12.4294958,322.6729736,1.0000000,0.0000000
-0.0051217,-0.0053344,12.4302845,322.7254333,1.0000000,0.0000000
-0.0103723,-0.0037684,12.4318829,322.7779236,1.0000000,0.0000000
-0.0050503,-0.0041782,12.4346361,322.8305054,1.0000000,0.0000000
-0.0054389,-0.0038515,12.4361830,322.8829651,1.0000000,0.0000000
-0.0054625,-0.0054079,12.4467411,323.9854126,1.0000000,0.0000000
-0.0060537,-0.0066708,12.4459791,324.0379639,1.0000000,0.0000000
-0.0049350,-0.0071653,12.4493971,324.0904541,1.0000000,0.0000000
-0.0065199,-0.0084257,12.4496679,324.1429749,1.0000000,0.0000000
-0.0048113,-0.0055622,12.4468393,324.1954346,1.0000000,0.0000000
-0.0064886,-0.0051404,12.4434385,324.2479553,1.0000000,0.0000000
-0.0077317,-0.0042186,12.4442158,324.3004150,1.0000000,0.0000000
-0.0064951,-0.0051301,12.4453983,324.3529358,1.0000000,0.0000000
-0.0061436,-0.0059850,12.4471025,324.4054565,1.0000000,0.0000000
-0.0056893,-0.0058934,12.4476862,324.4579773,1.0000000,0.0000000
-0.0070678,-0.0059942,12.4466305,324.5104370,1.0000000,0.0000000
-0.0061203,-0.0073926,12.4460592,324.5629578,1.0000000,0.0000000
-0.0068251,-0.0062421,12.4442263,324.6154175,1.0000000,0.0000000
-0.0041068,-0.0047969,12.4459448,324.6679382,1.0000000,0.0000000
-0.0036167,-0.0049680,12.4483290,324.7204590,1.0000000,0.0000000
-0.0053953,-0.0038162,12.4445515,324.7729797,1.0000000,0.0000000
-0.0064710,-0.0054959,12.4480343,324.8254700,1.0000000,0.0000000
-0.0063796,-0.0038209,12.4481401,324.8779297,1.0000000,0.0000000
-0.0040760,-0.0040520,12.4462194,324.9304810,1.0000000,0.0000000
-0.0056244,-0.0034136,12.4475965,324.9829407,1.0000000,0.0000000
-0.0046299,-0.0053676,12.4458752,325.0354309,1.0000000,0.0000000
-0.0063900,-0.0055386,12.4469671,325.0879211,1.0000000,0.0000000
-0.0049944,-0.0068672,12.4462299,325.1405029,1.0000000,0.0000000
-0.0073819,-0.0065552,12.4456511,325.1929321,1.0000000,0.0000000
-0.0061072,-0.0070219,12.4475040,325.2454224,1.0000000,0.0000000
-0.0054986,-0.0053460,12.4466181,325.2980042,1.0000000,0.0000000
-0.0044399,-0.0055851,12.4487505,325.3504028,1.0000000,0.0000000
-0.0052855,-0.0070987,12.4482880,325.4029236,1.0000000,0.0000000
-0.0063345,-0.0058609,12.4457884,325.4554749,1.0000000,0.0000000
-0.0077829,-0.0057726,12.4454174,325.5079651,1.0000000,0.0000000
-0.0042212,-0.0058581,12.4487181,325.5603943,1.0000000,0.0000000
-0.0043853,-0.0065513,12.4487925,325.6129456,1.0000000,0.0000000
-0.0053471,-0.0053405,12.4493980,325.6654663,1.0000000,0.0000000
-0.0073844,-0.0076848,12.4458904,325.7179260,1.0000000,0.0000000
-0.0078387,-0.0068152,12.4474583,325.7704163,1.0000000,0.0000000
-0.0053614,-0.0061216,12.4469547,325.8229980,1.0000000,0.0000000
-0.0043435,-0.0061278,12.4473553,325.8753967,1.0000000,0.0000000
-0.0062782,-0.0066918,12.4466581,325.9279175,1.0000000,0.0000000
-0.0058042,-0.0059919,12.4456282,325.9804688,1.0000000,0.0000000
-0.0057942,-0.0050309,12.4448290,326.0329590,1.0000000,0.0000000
-0.0068021,-0.0049671,12.4451189,326.0854187,1.0000000,0.0000000
-0.0059235,-0.0056651,12.4472246,326.1379395,1.0000000,0.0000000
0.0034234,-0.0050950,12.4419813,327.2404785,1.0000000,0.0000000
-0.0046487,-0.0058203,12.4457083,327.2929382,1.0000000,0.0000000
-0.0063401,-0.0063916,12.4488907,327.3454285,1.0000000,0.0000000
-0.0058854,-0.0059462,12.4496269,327.3979492,1.0000000,0.0000000
0.0011791,-0.0060922,12.4431019,327.4504395,1.0000000,0.0000000
-0.0119500,-0.0086669,12.4498138,327.5029297,1.0000000,0.0000000
-0.0084320,-0.0067723,12.4495993,327.5554810,1.0000000,0.0000000
0.0013275,-0.0035608,12.4430475,327.6079407,1.0000000,0.0000000
-0.0040484,-0.0053646,12.4459696,327.6604309,1.0000000,0.0000000
-0.0062947,-0.0054107,12.4474039,327.7129517,1.0000000,0.0000000
-0.0049568,-0.0051451,12.4468584,327.7654724,1.0000000,0.0000000
-0.0065317,-0.0048618,12.4471550,327.8179016,1.0000000,0.0000000
-0.0060072,-0.0066660,12.4491138,327.8704224,1.0000000,0.0000000
-0.0140309,-0.0079830,12.4513130,327.9229736,1.0000000,0.0000000
-0.0171881,-0.0063764,12.4529047,327.9754028,1.0000000,0.0000000
0.0003010,-0.0058283,12.4443283,328.0279236,1.0000000,0.0000000
-0.0037282,-0.0055145,12.4466486,328.0804443,1.0000000,0.0000000
-0.0058320,-0.0058801,12.4464798,328.1329651,1.0000000,0.0000000
0.0033728,-0.0052487,12.4442558,328.1853943,1.0000000,0.0000000
-0.0045034,-0.0055911,12.4464664,328.2379761,1.0000000,0.0000000
0.0047213,-0.0043697,12.4426994,328.2904663,1.0000000,0.0000000
-0.0014624,-0.0043618,12.4446735,328.3429260,1.0000000,0.0000000
-0.0053123,-0.0054214,12.4479322,328.3954163,1.0000000,0.0000000
-0.0061392,-0.0046647,12.4493523,328.4479980,1.0000000,0.0000000
-0.0162066,-0.0062517,12.4535475,328.5004272,1.0000000,0.0000000
-0.0117977,-0.0058186,12.4510689,328.5529175,1.0000000,0.0000000
-0.0078294,-0.0074521,12.4490166,328.6054688,1.0000000,0.0000000
-0.0045613,-0.0063119,12.4493484,328.6579590,1.0000000,0.0000000
-0.0056508,-0.0079313,12.4498405,328.7104187,1.0000000,0.0000000
-0.0061542,-0.0052416,12.4483147,328.7629089,1.0000000,0.0000000
-0.0071214,-0.0061717,12.4480600,328.8155212,1.0000000,0.0000000
-0.0096061,-0.0068411,12.4459486,328.8679199,1.0000000,0.0000000
-0.0186284,-0.0077939,12.4501801,328.9204407,1.0000000,0.0000000
-0.0082310,-0.0053284,12.4495831,328.9729614,1.0000000,0.0000000
-0.0060861,-0.0046920,12.4504280,329.0254517,1.0000000,0.0000000
-0.0061375,-0.0062046,12.4487038,329.0779114,1.0000000,0.0000000
-0.0049193,-0.0058943,12.4481544,329.1304626,1.0000000,0.0000000
-0.0134101,-0.0068837,12.4501286,329.1829834,1.0000000,0.0000000
0.0028382,-0.0033450,12.4416580,329.2354126,1.0000000,0.0000000
-0.0025175,-0.0054183,12.4442120,329.2879639,1.0000000,0.0000000
-0.0036489,-0.0058147,12.4447365,329.3404541,1.0000000,0.0000000
-0.0071626,-0.0050112,12.4489174,330.4954224,1.0000000,0.0000000
-0.0173970,-0.0057103,12.4526796,330.5480042,1.0000000,0.0000000
-0.0186481,-0.0068257,12.4543839,330.6004333,1.0000000,0.0000000
-0.0100388,-0.0064676,12.4516478,330.6529541,1.0000000,0.0000000
0.0037398,-0.0038311,12.4449244,330.7054749,1.0000000,0.0000000
-0.0025876,-0.0057083,12.4476500,330.7579651,1.0000000,0.0000000
0.0043912,-0.0053221,12.4431238,330.8104248,1.0000000,0.0000000
0.0043604,-0.0064132,12.4435472,330.8629456,1.0000000,0.0000000
-0.0007445,-0.0050295,12.4476318,330.9154968,1.0000000,0.0000000
-0.0060181,-0.0062550,12.4477243,330.9679565,1.0000000,0.0000000
-0.0066265,-0.0061575,12.4485140,331.0204163,1.0000000,0.0000000
-0.0074747,-0.0067165,12.4488659,331.0730286,1.0000000,0.0000000
0.0025728,-0.0042259,12.4423876,331.1254578,1.0000000,0.0000000
0.0146904,-0.0026594,12.4436493,331.1779175,1.0000000,0.0000000
-0.0011573,-0.0049994,12.4459915,331.2304993,1.0000000,0.0000000
0.0016823,-0.0038698,12.4418488,331.2829590,1.0000000,0.0000000
0.0038672,-0.0043271,12.4399529,331.3354187,1.0000000,0.0000000
-0.0148014,-0.0062177,12.4498014,331.3879395,1.0000000,0.0000000
-0.0118315,-0.0063938,12.4481764,331.4405212,1.0000000,0.0000000
-0.0095772,-0.0082709,12.4481869,331.4929504,1.0000000,0.0000000
-0.0084484,-0.0059204,12.4504433,331.5454407,1.0000000,0.0000000
-0.0007460,-0.0040984,12.4440241,331.5979614,1.0000000,0.0000000
0.0020951,-0.0043616,12.4430389,331.6504822,1.0000000,0.0000000
-0.0066946,-0.0059866,12.4464560,331.7029114,1.0000000,0.0000000
-0.0198980,-0.0103493,12.4512815,331.7554626,1.0000000,0.0000000
-0.0140569,-0.0085979,12.4504604,331.8079834,1.0000000,0.0000000
-0.0108924,-0.0051464,12.4483919,331.8604126,1.0000000,0.0000000
-0.0003484,-0.0020717,12.4453526,331.9129944,1.0000000,0.0000000
0.0038338,-0.0017526,12.4452791,331.9654846,1.0000000,0.0000000
-0.0040933,-0.0050545,12.4473295,332.0179443,1.0000000,0.0000000
-0.0062200,-0.0034956,12.4499807,332.0704346,1.0000000,0.0000000
-0.0097308,-0.0054781,12.4478455,332.1230164,1.0000000,0.0000000
-0.0061048,-0.0055065,12.4490166,332.1754150,1.0000000,0.0000000
-0.0068611,-0.0054258,12.4478693,332.2279358,1.0000000,0.0000000
-0.0072485,-0.0051789,12.4498129,332.2804565,1.0000000,0.0000000
-0.0077205,-0.0061611,12.4493427,332.3329773,1.0000000,0.0000000
-0.0073628,-0.0071193,12.4482651,332.3854370,1.0000000,0.0000000
0.0024665,-0.0061438,12.4449320,332.4379578,1.0000000,0.0000000
-0.0033064,-0.0059028,12.4466143,332.4904785,1.0000000,0.0000000
-0.0081808,-0.0053095,12.4500437,332.5429077,1.0000000,0.0000000
-0.0079329,-0.0055622,12.4490824,333.6454163,1.0000000,0.0000000
-0.0101964,-0.0052350,12.4482737,333.6979980,1.0000000,0.0000000
-0.0107929,-0.0069532,12.4469423,333.7504272,1.0000000,0.0000000
-0.0097816,-0.0076450,12.4479303,333.8029175,1.0000000,0.0000000
-0.0087239,-0.0075235,12.4480782,333.8554688,1.0000000,0.0000000
-0.0086076,-0.0079349,12.4497366,333.9079590,1.0000000,0.0000000
-0.0103573,-0.0065627,12.4492397,333.9604492,1.0000000,0.0000000
-0.0092906,-0.0075916,12.4494724,334.0129395,1.0000000,0.0000000
-0.0083321,-0.0069328,12.4475756,334.0655212,1.0000000,0.0000000
-0.0095867,-0.0051522,12.4489670,334.1179199,1.0000000,0.0000000
0.0009045,-0.0022437,12.4427481,334.1704407,1.0000000,0.0000000
-0.0042126,-0.0070789,12.4465370,334.2229614,1.0000000,0.0000000
0.0007918,-0.0048612,12.4439116,334.2754822,1.0000000,0.0000000
-0.0071980,-0.0057305,12.4447250,334.3279419,1.0000000,0.0000000
-0.0096565,-0.0034203,12.4455252,334.3804626,1.0000000,0.0000000
-0.0155886,-0.0064128,12.4529104,334.4329834,1.0000000,0.0000000
-0.0028047,-0.0055859,12.4467344,334.4854126,1.0000000,0.0000000
0.0062771,-0.0053723,12.4414425,334.5379639,1.0000000,0.0000000
-0.0036479,-0.0062924,12.4460497,334.5904541,1.0000000,0.0000000
-0.0079909,-0.0054001,12.4470730,334.6429443,1.0000000,0.0000000
-0.0081252,-0.0046840,12.4455500,334.6954346,1.0000000,0.0000000
-0.0077338,-0.0065647,12.4469500,334.7480164,1.0000000,0.0000000
-0.0077119,-0.0050100,12.4470673,334.8004456,1.0000000,0.0000000
-0.0069572,-0.0065828,12.4507532,334.8529358,1.0000000,0.0000000
-0.0180682,-0.0081193,12.4529953,334.9054260,1.0000000,0.0000000
-0.0206120,-0.0088698,12.4570875,334.9579773,1.0000000,0.0000000
-0.0043900,-0.0057642,12.4464073,335.0104370,1.0000000,0.0000000
-0.0131288,-0.0076702,12.4534016,335.0629272,1.0000000,0.0000000
-0.0155402,-0.0082837,12.4527159,335.1154175,1.0000000,0.0000000
-0.0178332,-0.0071673,12.4532413,335.1679382,1.0000000,0.0000000
-0.0081746,-0.0061252,12.4470119,335.2204285,1.0000000,0.0000000
0.0043775,-0.0045219,12.4423857,335.2729492,1.0000000,0.0000000
0.0118255,-0.0051930,12.4397316,335.3254700,1.0000000,0.0000000
-0.0087517,-0.0063780,12.4478979,335.3779602,1.0000000,0.0000000
-0.0080916,-0.0056371,12.4472733,335.4304504,1.0000000,0.0000000
-0.0056781,-0.0045403,12.4453239,335.4829712,1.0000000,0.0000000
-0.0052769,-0.0042353,12.4479828,335.5354309,1.0000000,0.0000000
-0.0046918,-0.0065953,12.4476776,335.5879517,1.0000000,0.0000000
-0.0046904,-0.0050336,12.4466829,335.6404724,1.0000000,0.0000000
-0.0053051,-0.0048482,12.4475946,335.6929321,1.0000000,0.0000000
-0.0040658,-0.0057132,12.4470482,335.7454529,1.0000000,0.0000000
-0.0067467,-0.0045621,12.4456720,336.8479614,1.0000000,0.0000000
-0.0044949,-0.0048594,12.4465923,336.9004822,1.0000000,0.0000000
-0.0121919,-0.0043698,12.4531555,336.9529114,1.0000000,0.0000000
-0.0165660,-0.0066931,12.4530182,337.0054321,1.0000000,0.0000000
0.0025106,-0.0020887,12.4441376,337.0580139,1.0000000,0.0000000
0.0215572,-0.0008331,12.4391661,337.1104126,1.0000000,0.0000000
0.0053408,-0.0040220,12.4429226,337.1629639,1.0000000,0.0000000
-0.0009382,-0.0043896,12.4455719,337.2154541,1.0000000,0.0000000
-0.0034163,-0.0051158,12.4463301,337.2679749,1.0000000,0.0000000
-0.0046532,-0.0067892,12.4475613,337.3204346,1.0000000,0.0000000
0.0132383,-0.0035154,12.4387398,337.3729858,1.0000000,0.0000000
0.0096255,-0.0031483,12.4395170,337.4254150,1.0000000,0.0000000
0.0288366,0.0005484,12.4387150,337.4779358,1.0000000,0.0000000
0.0035801,-0.0047939,12.4425364,337.5304565,1.0000000,0.0000000
-0.0136061,-0.0069910,12.4511471,337.5829773,1.0000000,0.0000000
-0.0119159,-0.0054053,12.4492865,337.6354370,1.0000000,0.0000000
0.0016640,-0.0041943,12.4445534,337.6879272,1.0000000,0.0000000
0.0065502,-0.0045039,12.4405107,337.7404785,1.0000000,0.0000000
-0.0031942,-0.0053380,12.4453421,337.7929382,1.0000000,0.0000000
-0.0067464,-0.0064703,12.4471331,337.8454285,1.0000000,0.0000000
-0.0074327,-0.0072468,12.4488440,337.8979797,1.0000000,0.0000000
-0.0068256,-0.0074099,12.4500847,337.9504700,1.0000000,0.0000000
-0.0093606,-0.0079823,12.4489317,338.0029297,1.0000000,0.0000000
-0.0093176,-0.0082008,12.4475288,338.0554810,1.0000000,0.0000000
-0.0178841,-0.0065308,12.4522505,338.1079407,1.0000000,0.0000000
-0.0106709,-0.0065410,12.4495468,338.1604309,1.0000000,0.0000000
-0.0080670,-0.0068846,12.4479990,338.2129211,1.0000000,0.0000000
-0.0082322,-0.0051297,12.4467621,338.2655029,1.0000000,0.0000000
-0.0160878,-0.0070808,12.4499226,338.3179016,1.0000000,0.0000000
-0.0198566,-0.0075714,12.4527473,338.3704224,1.0000000,0.0000000
-0.0136604,-0.0063781,12.4488878,338.4229736,1.0000000,0.0000000
-0.0091581,-0.0063459,12.4468822,338.4754028,1.0000000,0.0000000
-0.0043251,-0.0050918,12.4463816,338.5279236,1.0000000,0.0000000
-0.0046730,-0.0064601,12.4472532,338.5804749,1.0000000,0.0000000
-0.0053514,-0.0062315,12.4462967,338.6329651,1.0000000,0.0000000
0.0046525,-0.0045869,12.4428062,338.6854858,1.0000000,0.0000000
-0.0023242,-0.0054661,12.4465818,338.7379456,1.0000000,0.0000000
-0.0041740,-0.0056482,12.4466619,338.7904663,1.0000000,0.0000000
-0.0040339,-0.0044842,12.4443140,338.8429260,1.0000000,0.0000000
0.0036953,-0.0029493,12.4424648,338.8954163,1.0000000,0.0000000
-0.0023699,-0.0039295,12.4458246,338.9479980,1.0000000,0.0000000
-0.0147227,-0.0072310,12.4492083,340.0504150,1.0000000,0.0000000
-0.0084077,-0.0049558,12.4453125,340.1029358,1.0000000,0.0000000
-0.0046576,-0.0053727,12.4435511,340.1554260,1.0000000,0.0000000
0.0056696,-0.0060123,12.4404058,340.2079468,1.0000000,0.0000000
0.0113142,-0.0048574,12.4414482,340.2604065,1.0000000,0.0000000
-0.0069856,-0.0073736,12.4482746,340.3129578,1.0000000,0.0000000
-0.0047143,-0.0057000,12.4486084,340.3655090,1.0000000,0.0000000
-0.0036376,-0.0074941,12.4465609,340.4179382,1.0000000,0.0000000
-0.0064363,-0.0047756,12.4457874,340.4704590,1.0000000,0.0000000
-0.0035098,-0.0031444,12.4481544,340.5229492,1.0000000,0.0000000
-0.0041412,-0.0077120,12.4513960,340.5754700,1.0000000,0.0000000
-0.0045107,-0.0067761,12.4490623,340.6279297,1.0000000,0.0000000
-0.0064900,-0.0059035,12.4463787,340.6804810,1.0000000,0.0000000
-0.0053762,-0.0055833,12.4457016,340.7330017,1.0000000,0.0000000
-0.0059511,-0.0036628,12.4450712,340.7854309,1.0000000,0.0000000
-0.0061148,-0.0065143,12.4474783,340.8379517,1.0000000,0.0000000
-0.0062866,-0.0058652,12.4460688,340.8905029,1.0000000,0.0000000
-0.0183554,-0.0082267,12.4531307,340.9429016,1.0000000,0.0000000
-0.0120272,-0.0063754,12.4514542,340.9954224,1.0000000,0.0000000
-0.0172372,-0.0078171,12.4509211,341.0479736,1.0000000,0.0000000
-0.0103436,-0.0078321,12.4460716,341.1004639,1.0000000,0.0000000
-0.0056682,-0.0056936,12.4460850,341.1529541,1.0000000,0.0000000
0.0032287,-0.0033261,12.4428806,341.2054749,1.0000000,0.0000000
-0.0139179,-0.0062942,12.4477682,341.2579956,1.0000000,0.0000000
-0.0111852,-0.0045050,12.4476566,341.3104248,1.0000000,0.0000000
-0.0082179,-0.0038546,12.4464073,341.3630066,1.0000000,0.0000000
-0.0077291,-0.0055231,12.4465933,341.4154663,1.0000000,0.0000000
-0.0062653,-0.0072566,12.4489489,341.4679565,1.0000000,0.0000000
0.0011598,-0.0048834,12.4439859,341.5204163,1.0000000,0.0000000
-0.0041062,-0.0046763,12.4461584,341.5729675,1.0000000,0.0000000
-0.0076167,-0.0064317,12.4483900,341.6254578,1.0000000,0.0000000
-0.0066744,-0.0067760,12.4475203,341.6779480,1.0000000,0.0000000
-0.0002468,-0.0035929,12.4443989,341.7304993,1.0000000,0.0000000
-0.0028471,-0.0043714,12.4450254,341.7829590,1.0000000,0.0000000
-0.0052791,-0.0045877,12.4461832,341.8354492,1.0000000,0.0000000
0.0019164,-0.0056423,12.4436140,341.8879395,1.0000000,0.0000000
-0.0125995,-0.0059023,12.4499130,341.9404907,1.0000000,0.0000000
-0.0166263,-0.0074088,12.4518871,341.9929199,1.0000000,0.0000000
-0.0107064,-0.0066763,12.4490023,342.0454712,1.0000000,0.0000000
-0.0083839,-0.0068018,12.4482164,342.0979614,1.0000000,0.0000000
-0.0090955,-0.0067163,12.4478321,342.1504822,1.0000000,0.0000000
-0.0086623,-0.0055319,12.4495096,343.2529297,1.0000000,0.0000000
-0.0060164,-0.0058924,12.4501095,343.3054810,1.0000000,0.0000000
0.0032903,-0.0078113,12.4457197,343.3579712,1.0000000,0.0000000
-0.0036685,-0.0079458,12.4467506,343.4104309,1.0000000,0.0000000
-0.0055842,-0.0064685,12.4472170,343.4629517,1.0000000,0.0000000
-0.0055823,-0.0062829,12.4460211,343.5154724,1.0000000,0.0000000
0.0035638,-0.0056468,12.4425917,343.5679016,1.0000000,0.0000000
-0.0127188,-0.0068632,12.4500093,343.6204224,1.0000000,0.0000000
-0.0080052,-0.0065460,12.4483080,343.6730042,1.0000000,0.0000000
-0.0050166,-0.0073433,12.4474583,343.7254639,1.0000000,0.0000000
-0.0149123,-0.0067792,12.4524326,343.7779236,1.0000000,0.0000000
0.0119503,-0.0043726,12.4410095,343.8304443,1.0000000,0.0000000
0.0006033,-0.0048554,12.4457436,343.8829651,1.0000000,0.0000000
-0.0029435,-0.0060786,12.4469633,343.9354248,1.0000000,0.0000000
-0.0034691,-0.0050621,12.4477873,343.9879456,1.0000000,0.0000000
-0.0133297,-0.0056661,12.4492226,344.0404663,1.0000000,0.0000000
0.0021910,-0.0061208,12.4424276,344.0929871,1.0000000,0.0000000
-0.0033922,-0.0054302,12.4423046,344.1454163,1.0000000,0.0000000
-0.0051389,-0.0051675,12.4464035,344.1979675,1.0000000,0.0000000
-0.0060421,-0.0044625,12.4489727,344.2504578,1.0000000,0.0000000
-0.0094679,-0.0038305,12.4488678,344.3029175,1.0000000,0.0000000
-0.0174167,-0.0086207,12.4515896,344.3554382,1.0000000,0.0000000
-0.0213388,-0.0079597,12.4507437,344.4079895,1.0000000,0.0000000
-0.0127447,-0.0064294,12.4514093,344.4604492,1.0000000,0.0000000
-0.0076110,-0.0068350,12.4492426,344.5129395,1.0000000,0.0000000
-0.0172068,-0.0072804,12.4532814,344.5654907,1.0000000,0.0000000
-0.0087721,-0.0064306,12.4482946,344.6179504,1.0000000,0.0000000
-0.0151772,-0.0083787,12.4513721,344.6704407,1.0000000,0.0000000
-0.0070680,-0.0056215,12.4473982,344.7229919,1.0000000,0.0000000
-0.0144457,-0.0060062,12.4498587,344.7754517,1.0000000,0.0000000
-0.0042722,-0.0052378,12.4473543,344.8279114,1.0000000,0.0000000
-0.0007951,-0.0065421,12.4464407,344.8804321,1.0000000,0.0000000
0.0177723,-0.0039290,12.4377432,344.9329529,1.0000000,0.0000000
0.0059891,-0.0033816,12.4414959,344.9854126,1.0000000,0.0000000
0.0021875,-0.0048787,12.4426250,345.0379639,1.0000000,0.0000000
-0.0013744,-0.0049884,12.4452391,345.0904541,1.0000000,0.0000000
-0.0022655,-0.0048889,12.4467192,345.1429749,1.0000000,0.0000000
-0.0036300,-0.0041718,12.4464531,345.1954346,1.0000000,0.0000000
0.0032751,-0.0040525,12.4417963,345.2479858,1.0000000,0.0000000
-0.0018496,-0.0046872,12.4462442,345.3004456,1.0000000,0.0000000
-0.0075246,-0.0063777,12.4490499,345.3529358,1.0000000,0.0000000
-0.0199116,-0.0057937,12.4535885,346.4554443,1.0000000,0.0000000
-0.0104801,-0.0063251,12.4485130,346.5079956,1.0000000,0.0000000
-0.0151660,-0.0071005,12.4494944,346.5604248,1.0000000,0.0000000
-0.0081155,-0.0053366,12.4466143,346.6129761,1.0000000,0.0000000
-0.0139220,-0.0083559,12.4515581,346.6654663,1.0000000,0.0000000
-0.0074513,-0.0058008,12.4490967,346.7179565,1.0000000,0.0000000
-0.0047367,-0.0060930,12.4492006,346.7704163,1.0000000,0.0000000
0.0043969,-0.0031668,12.4457865,346.8229675,1.0000000,0.0000000
-0.0116420,-0.0075751,12.4500160,346.8754578,1.0000000,0.0000000
0.0028468,-0.0058279,12.4438486,346.9279175,1.0000000,0.0000000
-0.0032396,-0.0069808,12.4466000,346.9804993,1.0000000,0.0000000
-0.0040417,-0.0045893,12.4465389,347.0329590,1.0000000,0.0000000
-0.0052906,-0.0051478,12.4461832,347.0854492,1.0000000,0.0000000
-0.0069564,-0.0045322,12.4467573,347.1379089,1.0000000,0.0000000
-0.0149976,-0.0079904,12.4523792,347.1904907,1.0000000,0.0000000
-0.0065038,-0.0082503,12.4487085,347.2429199,1.0000000,0.0000000
-0.0068851,-0.0066590,12.4464779,347.2954712,1.0000000,0.0000000
-0.0049249,-0.0067544,12.4460287,347.3479614,1.0000000,0.0000000
-0.0136542,-0.0085624,12.4489689,347.4004822,1.0000000,0.0000000
0.0012003,-0.0041058,12.4445877,347.4529419,1.0000000,0.0000000
-0.0205927,-0.0081755,12.4536991,347.5054321,1.0000000,0.0000000
-0.0202330,-0.0073688,12.4526014,347.5580139,1.0000000,0.0000000
0.0001349,-0.0054207,12.4437027,347.6104126,1.0000000,0.0000000
-0.0030697,-0.0056466,12.4439631,347.6630249,1.0000000,0.0000000
0.0031026,-0.0038301,12.4413395,347.7154846,1.0000000,0.0000000
-0.0021161,-0.0039434,12.4455023,347.7679749,1.0000000,0.0000000
-0.0044365,-0.0052467,12.4488792,347.8204346,1.0000000,0.0000000
0.0030194,-0.0041815,12.4448566,347.8729553,1.0000000,0.0000000
0.0045690,-0.0048593,12.4439573,347.9254456,1.0000000,0.0000000
0.0038729,-0.0053945,12.4421215,347.9779358,1.0000000,0.0000000
-0.0026218,-0.0063961,12.4458170,348.0304565,1.0000000,0.0000000
-0.0048517,-0.0063500,12.4472656,348.0829468,1.0000000,0.0000000
-0.0051931,-0.0063238,12.4477654,348.1354065,1.0000000,0.0000000
0.0019863,-0.0050516,12.4423561,348.1879272,1.0000000,0.0000000
-0.0016131,-0.0046980,12.4461737,348.2405090,1.0000000,0.0000000
-0.0159203,-0.0066422,12.4492035,348.2929382,1.0000000,0.0000000
-0.0104245,-0.0042601,12.4477386,348.3454285,1.0000000,0.0000000
0.0020791,-0.0039103,12.4423466,348.3979797,1.0000000,0.0000000
0.0061156,-0.0040316,12.4395075,348.4504395,1.0000000,0.0000000
-0.0018058,-0.0051572,12.4449844,348.5028992,1.0000000,0.0000000
-0.0052488,-0.0072379,12.4491882,348.5554810,1.0000000,0.0000000
0.0041178,-0.0051514,12.4452467,349.6579895,1.0000000,0.0000000
-0.0211505,-0.0099379,12.4547176,349.7104492,1.0000000,0.0000000
-0.0246945,-0.0097591,12.4517832,349.7629395,1.0000000,0.0000000
-0.0024352,-0.0060104,12.4456358,349.8154907,1.0000000,0.0000000
-0.0055455,-0.0067811,12.4456930,349.8679199,1.0000000,0.0000000
-0.0061653,-0.0057261,12.4449625,349.9204712,1.0000000,0.0000000
-0.0157628,-0.0070921,12.4487610,349.9729919,1.0000000,0.0000000
-0.0296055,-0.0097699,12.4547043,350.0254822,1.0000000,0.0000000
-0.0128571,-0.0062333,12.4483356,350.0779114,1.0000000,0.0000000
-0.0056573,-0.0061720,12.4465017,350.1304321,1.0000000,0.0000000
-0.0032711,-0.0060438,12.4455786,350.1829834,1.0000000,0.0000000
0.0053276,-0.0047924,12.4400043,350.2354126,1.0000000,0.0000000
-0.0017201,-0.0040188,12.4428778,350.2879639,1.0000000,0.0000000
-0.0028116,-0.0060662,12.4438648,350.3404541,1.0000000,0.0000000
-0.0158230,-0.0070663,12.4483976,350.3929749,1.0000000,0.0000000
-0.0088619,-0.0042923,12.4483051,350.4454346,1.0000000,0.0000000
-0.0157886,-0.0064719,12.4487705,350.4979858,1.0000000,0.0000000
-0.0154063,-0.0082581,12.4523191,350.5504456,1.0000000,0.0000000
-0.0260765,-0.0117205,12.4536791,350.6029358,1.0000000,0.0000000
-0.0089893,-0.0090618,12.4493990,350.6554871,1.0000000,0.0000000
0.0037432,-0.0053156,12.4460402,350.7079468,1.0000000,0.0000000
-0.0104497,-0.0067969,12.4523077,350.7604065,1.0000000,0.0000000
0.0014719,-0.0033569,12.4434643,350.8129272,1.0000000,0.0000000
-0.0020546,-0.0050709,12.4456091,350.8654785,1.0000000,0.0000000
-0.0019803,-0.0044591,12.4461365,350.9179382,1.0000000,0.0000000
-0.0037564,-0.0054014,12.4459410,350.9704590,1.0000000,0.0000000
-0.0052438,-0.0045807,12.4456568,351.0229797,1.0000000,0.0000000
-0.0072000,-0.0045861,12.4467030,351.0754395,1.0000000,0.0000000
-0.0079538,-0.0060336,12.4464293,351.1278992,1.0000000,0.0000000
-0.0065864,-0.0061813,12.4472799,351.1804810,1.0000000,0.0000000
-0.0049440,-0.0059803,12.4479465,351.2329712,1.0000000,0.0000000
-0.0070156,-0.0077724,12.4495125,351.2854614,1.0000000,0.0000000
0.0026883,-0.0053473,12.4437733,351.3379211,1.0000000,0.0000000
-0.0028807,-0.0054862,12.4472351,351.3904724,1.0000000,0.0000000
-0.0154908,-0.0069511,12.4533548,351.4429321,1.0000000,0.0000000
-0.0124456,-0.0056726,12.4498262,351.4954224,1.0000000,0.0000000
-0.0264332,-0.0086994,12.4558287,351.5480042,1.0000000,0.0000000
-0.0030680,-0.0082891,12.4475288,351.6004639,1.0000000,0.0000000
-0.0047033,-0.0070416,12.4480228,351.6529541,1.0000000,0.0000000
0.0032884,-0.0048347,12.4452744,351.7054138,1.0000000,0.0000000
-0.0035238,-0.0050278,12.4472237,351.7579651,1.0000000,0.0000000
-0.0061055,-0.0060503,12.4460220,352.8604126,1.0000000,0.0000000
0.0049575,-0.0017072,12.4477863,352.9129944,1.0000000,0.0000000
-0.0047835,-0.0043374,12.4471207,352.9654846,1.0000000,0.0000000
-0.0075946,-0.0050977,12.4454927,353.0179443,1.0000000,0.0000000
-0.0083671,-0.0060640,12.4492302,353.0704346,1.0000000,0.0000000
-0.0001942,-0.0057456,12.4432230,353.1229858,1.0000000,0.0000000
-0.0057170,-0.0064061,12.4456568,353.1754456,1.0000000,0.0000000
-0.0171905,-0.0078816,12.4521294,353.2279358,1.0000000,0.0000000
0.0067781,-0.0044248,12.4434423,353.2804565,1.0000000,0.0000000
-0.0235234,-0.0089340,12.4558878,353.3330078,1.0000000,0.0000000
-0.0142864,-0.0069124,12.4488306,353.3854980,1.0000000,0.0000000
-0.0076164,-0.0058149,12.4480400,353.4379272,1.0000000,0.0000000
-0.0074935,-0.0057242,12.4490690,353.4904480,1.0000000,0.0000000
-0.0051986,-0.0062154,12.4494581,353.5429382,1.0000000,0.0000000
-0.0167303,-0.0079080,12.4504423,353.5954590,1.0000000,0.0000000
-0.0196161,-0.0082872,12.4504719,353.6479797,1.0000000,0.0000000
-0.0101945,-0.0071902,12.4501629,353.7004700,1.0000000,0.0000000
-0.0146113,-0.0073062,12.4521275,353.7529297,1.0000000,0.0000000
-0.0179071,-0.0069015,12.4537554,353.8054810,1.0000000,0.0000000
-0.0177800,-0.0076675,12.4539814,353.8579712,1.0000000,0.0000000
-0.0164567,-0.0065466,12.4538918,353.9104309,1.0000000,0.0000000
-0.0073621,-0.0044940,12.4493828,353.9629211,1.0000000,0.0000000
-0.0019230,-0.0048287,12.4463739,354.0154724,1.0000000,0.0000000
0.0087329,-0.0054513,12.4431562,354.0679626,1.0000000,0.0000000
0.0021532,-0.0070630,12.4469595,354.1204224,1.0000000,0.0000000
-0.0009220,-0.0060915,12.4470053,354.1730042,1.0000000,0.0000000
-0.0119009,-0.0056764,12.4516239,354.2254944,1.0000000,0.0000000
-0.0071707,-0.0054541,12.4485369,354.2779236,1.0000000,0.0000000
-0.0033674,-0.0055954,12.4464588,354.3304443,1.0000000,0.0000000
-0.0134777,-0.0077290,12.4495935,354.3829651,1.0000000,0.0000000
-0.0091170,-0.0070864,12.4498796,354.4354248,1.0000000,0.0000000
-0.0062339,-0.0066935,12.4468889,354.4879761,1.0000000,0.0000000
0.0043116,-0.0047740,12.4426794,354.5404663,1.0000000,0.0000000
0.0094129,-0.0030098,12.4416590,354.5930176,1.0000000,0.0000000
-0.0006292,-0.0040046,12.4452553,354.6454163,1.0000000,0.0000000
-0.0037810,-0.0055888,12.4468699,354.6979370,1.0000000,0.0000000
-0.0060412,-0.0057279,12.4446802,354.7504578,1.0000000,0.0000000
-0.0064891,-0.0043923,12.4469299,354.8029175,1.0000000,0.0000000
0.0028252,-0.0033707,12.4427242,354.8554382,1.0000000,0.0000000
-0.0025033,-0.0056676,12.4457502,354.9079590,1.0000000,0.0000000
-0.0067598,-0.0066221,12.4463444,354.9604797,1.0000000,0.0000000
-0.0034710,-0.0044450,12.4458771,356.0629272,1.0000000,0.0000000
-0.0059514,-0.0038031,12.4466028,356.1154785,1.0000000,0.0000000
-0.0153112,-0.0074879,12.4502821,356.1679382,1.0000000,0.0000000
-0.0073841,-0.0076248,12.4472094,356.2204590,1.0000000,0.0000000
-0.0052618,-0.0077926,12.4467926,356.2729797,1.0000000,0.0000000
0.0056909,-0.0060068,12.4414949,356.3254700,1.0000000,0.0000000
0.0079596,-0.0041454,12.4408331,356.3778992,1.0000000,0.0000000
0.0073615,-0.0043978,12.4399834,356.4304810,1.0000000,0.0000000
-0.0008072,-0.0060878,12.4462414,356.4829407,1.0000000,0.0000000
-0.0045098,-0.0056428,12.4464369,356.5354309,1.0000000,0.0000000
-0.0165747,-0.0069721,12.4508734,356.5879211,1.0000000,0.0000000
-0.0006283,-0.0044575,12.4449463,356.6404724,1.0000000,0.0000000
-0.0128896,-0.0065580,12.4527264,356.6929321,1.0000000,0.0000000
-0.0090365,-0.0061115,12.4483690,356.7454224,1.0000000,0.0000000
-0.0054293,-0.0049036,12.4488525,356.7980042,1.0000000,0.0000000
0.0134105,-0.0034406,12.4421053,356.8504639,1.0000000,0.0000000
-0.0013522,-0.0063001,12.4454308,356.9029236,1.0000000,0.0000000
-0.0067182,-0.0058297,12.4475451,356.9554443,1.0000000,0.0000000
-0.0076785,-0.0052867,12.4504833,357.0079956,1.0000000,0.0000000
-0.0271715,-0.0074758,12.4556408,357.0604248,1.0000000,0.0000000
-0.0341275,-0.0082159,12.4581299,357.1129761,1.0000000,0.0000000
0.0030926,-0.0028352,12.4421062,357.1654663,1.0000000,0.0000000
-0.0130149,-0.0061538,12.4503736,357.2179565,1.0000000,0.0000000
-0.0078384,-0.0053113,12.4482307,357.2704468,1.0000000,0.0000000
-0.0166041,-0.0066763,12.4537115,357.3229675,1.0000000,0.0000000
0.0091990,-0.0036608,12.4406462,357.3754883,1.0000000,0.0000000
0.0025077,-0.0044596,12.4447050,357.4279175,1.0000000,0.0000000
-0.0043250,-0.0056481,12.4474630,357.4804993,1.0000000,0.0000000
-0.0076339,-0.0056379,12.4484320,357.5329590,1.0000000,0.0000000
-0.0066543,-0.0060635,12.4465132,357.5854492,1.0000000,0.0000000
-0.0059759,-0.0069594,12.4485931,357.6379089,1.0000000,0.0000000
-0.0247634,-0.0091054,12.4576445,357.6904907,1.0000000,0.0000000
-0.0155422,-0.0063582,12.4513979,357.7429199,1.0000000,0.0000000
-0.0081074,-0.0050285,12.4484997,357.7954407,1.0000000,0.0000000
-0.0074463,-0.0044078,12.4478016,357.8479614,1.0000000,0.0000000
-0.0083286,-0.0063000,12.4464493,357.9004822,1.0000000,0.0000000
-0.0056089,-0.0058082,12.4482317,357.9529419,1.0000000,0.0000000
-0.0064446,-0.0048489,12.4469681,358.0054321,1.0000000,0.0000000
-0.0045967,-0.0061064,12.4455910,358.0580139,1.0000000,0.0000000
-0.0053754,-0.0063796,12.4467487,358.1104126,1.0000000,0.0000000
-0.0067829,-0.0060153,12.4467335,358.1629639,1.0000000,0.0000000
-0.0162852,-0.0088645,12.4506512,359.2655029,1.0000000,0.0000000
0.0008399,-0.0042330,12.4448709,359.3179626,1.0000000,0.0000000
-0.0128817,-0.0063116,12.4491596,359.3704224,1.0000000,0.0000000
-0.0193434,-0.0071094,12.4520035,359.4230042,1.0000000,0.0000000
0.0006451,-0.0041556,12.4459181,359.4754333,1.0000000,0.0000000
-0.0225871,-0.0079903,12.4552937,359.5279236,1.0000000,0.0000000
-0.0091044,-0.0071422,12.4481735,359.5804749,1.0000000,0.0000000
-0.0052925,-0.0080160,12.4462337,359.6329956,1.0000000,0.0000000
-0.0046250,-0.0077676,12.4473314,359.6854248,1.0000000,0.0000000
-0.0017925,-0.0058496,12.4458771,359.7379456,1.0000000,0.0000000
-0.0050762,-0.0055998,12.4464741,359.7904663,1.0000000,0.0000000
0.0071138,-0.0050507,12.4417772,359.8429565,1.0000000,0.0000000
0.0016268,-0.0044306,12.4435987,359.8954163,1.0000000,0.0000000
-0.0008457,-0.0045935,12.4458370,359.9479675,1.0000000,0.0000000
-0.0025214,-0.0050319,12.4437914,360.0004578,1.0000000,0.0000000
-0.0023004,-0.0056650,12.4443226,360.0529175,1.0000000,0.0000000
-0.0033772,-0.0061251,12.4452400,360.1054382,1.0000000,0.0000000
-0.0057214,-0.0058692,12.4456387,360.1579590,1.0000000,0.0000000
-0.0041938,-0.0048550,12.4454870,360.2104492,1.0000000,0.0000000
-0.0058645,-0.0052963,12.4461002,360.2629395,1.0000000,0.0000000
-0.0067193,-0.0060968,12.4474430,360.3154602,1.0000000,0.0000000
-0.0049069,-0.0066700,12.4499960,360.3679504,1.0000000,0.0000000
-0.0062760,-0.0046243,12.4481182,360.4204407,1.0000000,0.0000000
-0.0043963,-0.0059845,12.4471464,360.4729614,1.0000000,0.0000000
-0.0050744,-0.0071687,12.4482470,360.5254822,1.0000000,0.0000000
-0.0180405,-0.0076764,12.4521637,360.5779114,1.0000000,0.0000000
-0.0092291,-0.0067714,12.4488564,360.6304626,1.0000000,0.0000000
-0.0083907,-0.0072112,12.4495354,360.6829529,1.0000000,0.0000000
0.0004948,-0.0033343,12.4433041,360.7354431,1.0000000,0.0000000
-0.0130099,-0.0080776,12.4500198,360.7879333,1.0000000,0.0000000
-0.0088215,-0.0069011,12.4496450,360.8404846,1.0000000,0.0000000
-0.0071403,-0.0073398,12.4482260,360.8929749,1.0000000,0.0000000
-0.0061698,-0.0072952,12.4476376,360.9454346,1.0000000,0.0000000
-0.0054300,-0.0063095,12.4479704,360.9979858,1.0000000,0.0000000
-0.0053686,-0.0054244,12.4468317,361.0504456,1.0000000,0.0000000
-0.0062139,-0.0052070,12.4477510,361.1029358,1.0000000,0.0000000
-0.0060728,-0.0054736,12.4456758,361.1554565,1.0000000,0.0000000
-0.0143314,-0.0076705,12.4501648,361.2079773,1.0000000,0.0000000
-0.0080244,-0.0065857,12.4494181,361.2604370,1.0000000,0.0000000
-0.0088551,-0.0063812,12.4463844,361.3129578,1.0000000,0.0000000
-0.0085631,-0.0076046,12.4480448,361.3654785,1.0000000,0.0000000
-0.0157896,-0.0069412,12.4501696,362.4679565,1.0000000,0.0000000
-0.0166746,-0.0077220,12.4527321,362.5204163,1.0000000,0.0000000
-0.0084385,-0.0071415,12.4484224,362.5729675,1.0000000,0.0000000
-0.0053710,-0.0072668,12.4495506,362.6254883,1.0000000,0.0000000
-0.0053152,-0.0061179,12.4479170,362.6779175,1.0000000,0.0000000
-0.0028182,-0.0052169,12.4456644,362.7304688,1.0000000,0.0000000
-0.0048987,-0.0048158,12.4451532,362.7829895,1.0000000,0.0000000
-0.0051155,-0.0052410,12.4474545,362.8354492,1.0000000,0.0000000
-0.0020790,-0.0048121,12.4449072,362.8879089,1.0000000,0.0000000
-0.0035424,-0.0054006,12.4468060,362.9404602,1.0000000,0.0000000
-0.0040025,-0.0056065,12.4476910,362.9929810,1.0000000,0.0000000
-0.0044336,-0.0061965,12.4478636,363.0454407,1.0000000,0.0000000
-0.0052032,-0.0052847,12.4475727,363.0979614,1.0000000,0.0000000
-0.0049792,-0.0046433,12.4472542,363.1504517,1.0000000,0.0000000
-0.0049239,-0.0051379,12.4448347,363.2029114,1.0000000,0.0000000
-0.0047673,-0.0054640,12.4460745,363.2554321,1.0000000,0.0000000
-0.0031926,-0.0055830,12.4441051,363.3080139,1.0000000,0.0000000
-0.0039151,-0.0060031,12.4474878,363.3604126,1.0000000,0.0000000
-0.0061149,-0.0044717,12.4477072,363.4129333,1.0000000,0.0000000
-0.0050590,-0.0057024,12.4460211,363.4654541,1.0000000,0.0000000
-0.0065575,-0.0042405,12.4470873,363.5179443,1.0000000,0.0000000
-0.0052817,-0.0057978,12.4468632,363.5704346,1.0000000,0.0000000
-0.0040760,-0.0065343,12.4468031,363.6229858,1.0000000,0.0000000
-0.0025897,-0.0069086,12.4494238,363.6754456,1.0000000,0.0000000
-0.0045565,-0.0074758,12.4450884,363.7279358,1.0000000,0.0000000
-0.0067244,-0.0079420,12.4427261,363.7804565,1.0000000,0.0000000
-0.0051044,-0.0068384,12.4456892,363.8329773,1.0000000,0.0000000
-0.0037234,-0.0062213,12.4464388,363.8854065,1.0000000,0.0000000
-0.0041706,-0.0062799,12.4463348,363.9379578,1.0000000,0.0000000
-0.0045593,-0.0061944,12.4454832,363.9905090,1.0000000,0.0000000
-0.0049757,-0.0075034,12.4478464,364.0429382,1.0000000,0.0000000
-0.0152388,-0.0089686,12.4539719,364.0954285,1.0000000,0.0000000
-0.0119223,-0.0057197,12.4487400,364.1479797,1.0000000,0.0000000
-0.0100088,-0.0044111,12.4477406,364.2004700,1.0000000,0.0000000
-0.0075615,-0.0056116,12.4480553,364.2529297,1.0000000,0.0000000
-0.0077860,-0.0052921,12.4466124,364.3054504,1.0000000,0.0000000
-0.0068200,-0.0067200,12.4477110,364.3579407,1.0000000,0.0000000
-0.0065959,-0.0059921,12.4487753,364.4104614,1.0000000,0.0000000
-0.0073800,-0.0055963,12.4498148,364.4629517,1.0000000,0.0000000
-0.0064325,-0.0056480,12.4478722,364.5154724,1.0000000,0.0000000
-0.0068545,-0.0061864,12.4482393,364.5679626,1.0000000,0.0000000
-0.0052934,-0.0059004,12.4452763,365.6704407,1.0000000,0.0000000
-0.0064781,-0.0051553,12.4482613,365.7229614,1.0000000,0.0000000
-0.0058730,-0.0065095,12.4465332,365.7754517,1.0000000,0.0000000
-0.0053404,-0.0064042,12.4459133,365.8279114,1.0000000,0.0000000
-0.0063481,-0.0071868,12.4482565,365.8804321,1.0000000,0.0000000
-0.0070232,-0.0071409,12.4487543,365.9329834,1.0000000,0.0000000
-0.0059755,-0.0059400,12.4463673,365.9854126,1.0000000,0.0000000
-0.0083349,-0.0055812,12.4487629,366.0379639,1.0000000,0.0000000
-0.0058806,-0.0061045,12.4472980,366.0904541,1.0000000,0.0000000
-0.0032475,-0.0061208,12.4456892,366.1429443,1.0000000,0.0000000
-0.0036188,-0.0059543,12.4466925,366.1954346,1.0000000,0.0000000
-0.0042025,-0.0056383,12.4466314,366.2479858,1.0000000,0.0000000
-0.0038112,-0.0056969,12.4473829,366.3004456,1.0000000,0.0000000
-0.0036966,-0.0063723,12.4467440,366.3529358,1.0000000,0.0000000
-0.0063319,-0.0065990,12.4457293,366.4054260,1.0000000,0.0000000
-0.0064048,-0.0051947,12.4463539,366.4579773,1.0000000,0.0000000
-0.0061580,-0.0057707,12.4452372,366.5104980,1.0000000,0.0000000
-0.0055749,-0.0060411,12.4466362,366.5629272,1.0000000,0.0000000
-0.0063644,-0.0057065,12.4457016,366.6155090,1.0000000,0.0000000
-0.0033218,-0.0068624,12.4480333,366.6679382,1.0000000,0.0000000
-0.0040169,-0.0047040,12.4470453,366.7204285,1.0000000,0.0000000
-0.0032677,-0.0044618,12.4467001,366.7729492,1.0000000,0.0000000
-0.0045668,-0.0041287,12.4460430,366.8254700,1.0000000,0.0000000
-0.0064685,-0.0035040,12.4461393,366.8779297,1.0000000,0.0000000
-0.0061350,-0.0070376,12.4464417,366.9304199,1.0000000,0.0000000
-0.0052762,-0.0057054,12.4465237,366.9829712,1.0000000,0.0000000
-0.0073837,-0.0052933,12.4461756,367.0354309,1.0000000,0.0000000
-0.0080808,-0.0051722,12.4460955,367.0879211,1.0000000,0.0000000
-0.0054349,-0.0080103,12.4473104,367.1405029,1.0000000,0.0000000
-0.0051891,-0.0065112,12.4469576,367.1929626,1.0000000,0.0000000
-0.0035944,-0.0067506,12.4483175,367.2454224,1.0000000,0.0000000
-0.0037432,-0.0066670,12.4478703,367.2979736,1.0000000,0.0000000
-0.0040537,-0.0067831,12.4476366,367.3504639,1.0000000,0.0000000
-0.0044650,-0.0071213,12.4462843,367.4029236,1.0000000,0.0000000
-0.0049993,-0.0065277,12.4463511,367.4554443,1.0000000,0.0000000
0.0043304,-0.0024863,12.4466867,367.5079956,1.0000000,0.0000000
-0.0044385,-0.0027929,12.4465532,367.5604248,1.0000000,0.0000000
-0.0059015,-0.0064918,12.4462624,367.6129761,1.0000000,0.0000000
-0.0044431,-0.0067123,12.4454899,367.6654663,1.0000000,0.0000000
-0.0149516,-0.0054113,12.4541626,367.7179565,1.0000000,0.0000000
-0.0109416,-0.0062769,12.4476957,367.7704163,1.0000000,0.0000000
-0.0241316,-0.0075499,12.4548893,368.8729858,1.0000000,0.0000000
-0.0128552,-0.0048238,12.4520512,368.9254761,1.0000000,0.0000000
-0.0001328,-0.0046031,12.4464035,368.9779358,1.0000000,0.0000000
-0.0062754,-0.0063416,12.4467497,369.0304565,1.0000000,0.0000000
-0.0080758,-0.0053770,12.4470472,369.0829468,1.0000000,0.0000000
-0.0076168,-0.0053496,12.4477139,369.1354065,1.0000000,0.0000000
0.0032208,-0.0027833,12.4442015,369.1879272,1.0000000,0.0000000
-0.0134168,-0.0068753,12.4498196,369.2404785,1.0000000,0.0000000
-0.0090639,-0.0058903,12.4475555,369.2929382,1.0000000,0.0000000
-0.0069315,-0.0043340,12.4470482,369.3454285,1.0000000,0.0000000
-0.0056226,-0.0060359,12.4470882,369.3979492,1.0000000,0.0000000
-0.0038061,-0.0040619,12.4454880,369.4504395,1.0000000,0.0000000
-0.0025112,-0.0034067,12.4442186,369.5029297,1.0000000,0.0000000
-0.0154987,-0.0078356,12.4501438,369.5554504,1.0000000,0.0000000
-0.0074323,-0.0060616,12.4475775,369.6079712,1.0000000,0.0000000
-0.0012604,-0.0060181,12.4458790,369.6604614,1.0000000,0.0000000
-0.0013565,-0.0075305,12.4465389,369.7129211,1.0000000,0.0000000
-0.0032520,-0.0070081,12.4469023,369.7654724,1.0000000,0.0000000
-0.0027757,-0.0057148,12.4459772,369.8179321,1.0000000,0.0000000
-0.0044891,-0.0064765,12.4471445,369.8704529,1.0000000,0.0000000
-0.0063211,-0.0068666,12.4489393,369.9229736,1.0000000,0.0000000
-0.0075215,-0.0062927,12.4497547,369.9754639,1.0000000,0.0000000
0.0030616,-0.0051116,12.4441023,370.0279236,1.0000000,0.0000000
-0.0114232,-0.0073038,12.4477100,370.0804138,1.0000000,0.0000000
-0.0073028,-0.0058136,12.4482241,370.1329956,1.0000000,0.0000000
-0.0064645,-0.0062487,12.4473066,370.1854248,1.0000000,0.0000000
-0.0034015,-0.0052029,12.4451284,370.2379456,1.0000000,0.0000000
-0.0141552,-0.0071198,12.4511747,370.2904663,1.0000000,0.0000000
-0.0174893,-0.0079219,12.4521408,370.3429565,1.0000000,0.0000000
-0.0095399,-0.0069842,12.4481840,370.3954163,1.0000000,0.0000000
-0.0058422,-0.0050779,12.4474716,370.4479675,1.0000000,0.0000000
-0.0073527,-0.0058110,12.4456997,370.5004578,1.0000000,0.0000000
-0.0055866,-0.0061337,12.4455032,370.5529175,1.0000000,0.0000000
-0.0045286,-0.0051905,12.4458542,370.6054688,1.0000000,0.0000000
-0.0058735,-0.0052098,12.4469538,370.6579285,1.0000000,0.0000000
-0.0030753,-0.0057296,12.4464493,370.7104492,1.0000000,0.0000000
-0.0145925,-0.0066425,12.4500990,370.7629395,1.0000000,0.0000000
-0.0086497,-0.0035320,12.4496412,370.8154907,1.0000000,0.0000000
-0.0048894,-0.0056674,12.4485264,370.8679199,1.0000000,0.0000000
0.0060824,-0.0040865,12.4431782,370.9204407,1.0000000,0.0000000
-0.0001899,-0.0047147,12.4451618,370.9729614,1.0000000,0.0000000
-0.0102061,-0.0043535,12.4497261,372.0754700,1.0000000,0.0000000
-0.0092310,-0.0050912,12.4489298,372.1279602,1.0000000,0.0000000
-0.0075278,-0.0049229,12.4488249,372.1804504,1.0000000,0.0000000
-0.0069723,-0.0051979,12.4482718,372.2329712,1.0000000,0.0000000
-0.0062569,-0.0073966,12.4477968,372.2854309,1.0000000,0.0000000
-0.0053357,-0.0055684,12.4466848,372.3379211,1.0000000,0.0000000
-0.0051549,-0.0064096,12.4465294,372.3904114,1.0000000,0.0000000
0.0052739,-0.0059035,12.4403105,372.4429321,1.0000000,0.0000000
-0.0036043,-0.0054745,12.4453773,372.4954529,1.0000000,0.0000000
0.0023449,-0.0042815,12.4438505,372.5479736,1.0000000,0.0000000
-0.0019463,-0.0063409,12.4465837,372.6004333,1.0000000,0.0000000
-0.0059421,-0.0070144,12.4487095,372.6529541,1.0000000,0.0000000
-0.0057987,-0.0081304,12.4488802,372.7054443,1.0000000,0.0000000
-0.0087041,-0.0071074,12.4472303,372.7579956,1.0000000,0.0000000
-0.0087197,-0.0065850,12.4463892,372.8104553,1.0000000,0.0000000
-0.0074378,-0.0063546,12.4491825,372.8629456,1.0000000,0.0000000
-0.0053876,-0.0067336,12.4468813,372.9154663,1.0000000,0.0000000
-0.0063293,-0.0053240,12.4476862,372.9679565,1.0000000,0.0000000
-0.0155881,-0.0084086,12.4502373,373.0204163,1.0000000,0.0000000
0.0001221,-0.0050477,12.4451265,373.0729980,1.0000000,0.0000000
-0.0125656,-0.0058569,12.4505682,373.1254578,1.0000000,0.0000000
-0.0150220,-0.0077536,12.4525814,373.1779175,1.0000000,0.0000000
-0.0079457,-0.0068723,12.4484053,373.2304688,1.0000000,0.0000000
-0.0069109,-0.0045357,12.4479380,373.2829590,1.0000000,0.0000000
-0.0037659,-0.0055111,12.4457636,373.3354492,1.0000000,0.0000000
-0.0057567,-0.0052919,12.4457998,373.3880005,1.0000000,0.0000000
-0.0056685,-0.0066208,12.4440622,373.4405212,1.0000000,0.0000000
-0.0075831,-0.0061070,12.4475775,373.4929199,1.0000000,0.0000000
-0.0081041,-0.0063231,12.4496651,373.5454407,1.0000000,0.0000000
-0.0064157,-0.0067182,12.4490366,373.5979614,1.0000000,0.0000000
-0.0069965,-0.0044713,12.4468107,373.6504822,1.0000000,0.0000000
-0.0043253,-0.0046503,12.4484100,373.7029114,1.0000000,0.0000000
-0.0047828,-0.0036894,12.4473982,373.7554321,1.0000000,0.0000000
-0.0048241,-0.0050132,12.4472790,373.8079834,1.0000000,0.0000000
-0.0048072,-0.0069696,12.4454584,373.8604431,1.0000000,0.0000000
-0.0047078,-0.0052118,12.4450302,373.9129333,1.0000000,0.0000000
-0.0040745,-0.0068099,12.4492435,373.9654846,1.0000000,0.0000000
-0.0052462,-0.0061134,12.4480963,374.0179443,1.0000000,0.0000000
-0.0044291,-0.0054274,12.4476910,374.0704041,1.0000000,0.0000000
-0.0055894,-0.0067069,12.4481525,374.1229553,1.0000000,0.0000000
-0.0052508,-0.0070406,12.4471045,374.1754761,1.0000000,0.0000000
-0.0083171,-0.0041089,12.4459915,375.2779541,1.0000000,0.0000000
-0.0083752,-0.0052714,12.4471111,375.3304138,1.0000000,0.0000000
-0.0067579,-0.0059420,12.4459505,375.3829956,1.0000000,0.0000000
0.0027393,-0.0060753,12.4407082,375.4354248,1.0000000,0.0000000
0.0077620,-0.0033492,12.4429073,375.4879761,1.0000000,0.0000000
-0.0125981,-0.0054242,12.4489384,375.5404358,1.0000000,0.0000000
-0.0095100,-0.0061786,12.4470148,375.5929565,1.0000000,0.0000000
-0.0047214,-0.0061952,12.4484892,375.6454163,1.0000000,0.0000000
-0.0028587,-0.0062017,12.4490623,375.6979675,1.0000000,0.0000000
-0.0134588,-0.0085321,12.4489622,375.7504578,1.0000000,0.0000000
-0.0092747,-0.0084276,12.4488411,375.8029175,1.0000000,0.0000000
-0.0070818,-0.0058596,12.4485540,375.8554688,1.0000000,0.0000000
-0.0048117,-0.0054509,12.4462605,375.9079590,1.0000000,0.0000000
-0.0043433,-0.0076725,12.4478760,375.9604492,1.0000000,0.0000000
-0.0039788,-0.0071277,12.4474154,376.0129700,1.0000000,0.0000000
-0.0042899,-0.0068794,12.4486923,376.0654907,1.0000000,0.0000000
-0.0070274,-0.0070440,12.4467335,376.1179199,1.0000000,0.0000000
-0.0065705,-0.0059961,12.4466877,376.1704407,1.0000000,0.0000000
-0.0071728,-0.0057892,12.4459467,376.2229614,1.0000000,0.0000000
-0.0053847,-0.0059277,12.4465265,376.2754822,1.0000000,0.0000000
-0.0041170,-0.0063397,12.4467287,376.3279114,1.0000000,0.0000000
-0.0061216,-0.0069177,12.4468527,376.3804626,1.0000000,0.0000000
-0.0070366,-0.0061010,12.4478149,376.4329834,1.0000000,0.0000000
-0.0072819,-0.0060159,12.4470291,376.4854431,1.0000000,0.0000000
-0.0075270,-0.0054566,12.4479876,376.5379944,1.0000000,0.0000000
-0.0062429,-0.0063760,12.4472294,376.5904846,1.0000000,0.0000000
-0.0074760,-0.0067267,12.4480047,376.6430054,1.0000000,0.0000000
-0.0070391,-0.0065782,12.4492941,376.6954041,1.0000000,0.0000000
0.0031877,-0.0059027,12.4436207,376.7479858,1.0000000,0.0000000
0.0082377,-0.0047255,12.4419746,376.8004456,1.0000000,0.0000000
0.0067668,-0.0041992,12.4381037,376.8529358,1.0000000,0.0000000
-0.0050009,-0.0050763,12.4446964,376.9054565,1.0000000,0.0000000
-0.0074663,-0.0061084,12.4456930,376.9580078,1.0000000,0.0000000
-0.0080965,-0.0061853,12.4478550,377.0104065,1.0000000,0.0000000
-0.0069261,-0.0064150,12.4477501,377.0629272,1.0000000,0.0000000
-0.0077753,-0.0054239,12.4482994,377.1154785,1.0000000,0.0000000
-0.0073920,-0.0052463,12.4487543,377.1679688,1.0000000,0.0000000
-0.0063533,-0.0043843,12.4477882,377.2204285,1.0000000,0.0000000
-0.0074927,-0.0047256,12.4456120,377.2729797,1.0000000,0.0000000
0.0008388,-0.0035420,12.4455729,377.3255310,1.0000000,0.0000000
-0.0146200,-0.0046615,12.4504824,377.3778992,1.0000000,0.0000000
-0.0100681,-0.0041632,12.4487591,378.4804688,1.0000000,0.0000000
-0.0065378,-0.0047176,12.4465322,378.5329590,1.0000000,0.0000000
-0.0056301,-0.0060567,12.4476557,378.5854492,1.0000000,0.0000000
0.0038140,-0.0059427,12.4463100,378.6379395,1.0000000,0.0000000
-0.0154148,-0.0076059,12.4504633,378.6904907,1.0000000,0.0000000
-0.0013515,-0.0068025,12.4447680,378.7429504,1.0000000,0.0000000
-0.0043876,-0.0042448,12.4456539,378.7954407,1.0000000,0.0000000
0.0059762,-0.0045306,12.4439659,378.8479919,1.0000000,0.0000000
0.0022123,-0.0060704,12.4467812,378.9004822,1.0000000,0.0000000
0.0072120,-0.0044480,12.4446659,378.9529114,1.0000000,0.0000000
-0.0097736,-0.0088523,12.4488945,379.0054321,1.0000000,0.0000000
0.0028813,-0.0053306,12.4420862,379.0579834,1.0000000,0.0000000
-0.0023523,-0.0052546,12.4450197,379.1104126,1.0000000,0.0000000
-0.0160428,-0.0065663,12.4498520,379.1629333,1.0000000,0.0000000
-0.0104778,-0.0043323,12.4471655,379.2154846,1.0000000,0.0000000
-0.0161181,-0.0050255,12.4524050,379.2679443,1.0000000,0.0000000
-0.0082939,-0.0066860,12.4478378,379.3204041,1.0000000,0.0000000
-0.0137052,-0.0056412,12.4519596,379.3729858,1.0000000,0.0000000
0.0040620,-0.0033236,12.4451914,379.4254761,1.0000000,0.0000000
-0.0026423,-0.0051068,12.4453602,379.4779358,1.0000000,0.0000000
-0.0036991,-0.0051613,12.4474983,379.5304565,1.0000000,0.0000000
-0.0061007,-0.0061152,12.4480944,379.5829773,1.0000000,0.0000000
-0.0152464,-0.0080777,12.4507275,379.6354675,1.0000000,0.0000000
-0.0071292,-0.0057596,12.4476681,379.6879272,1.0000000,0.0000000
-0.0050283,-0.0066144,12.4470234,379.7404785,1.0000000,0.0000000
-0.0024685,-0.0062570,12.4450874,379.7929993,1.0000000,0.0000000
-0.0133063,-0.0069684,12.4498549,379.8454285,1.0000000,0.0000000
-0.0092123,-0.0051261,12.4467669,379.8979492,1.0000000,0.0000000
-0.0036226,-0.0067948,12.4480305,379.9504700,1.0000000,0.0000000
-0.0013276,-0.0055367,12.4471865,380.0028992,1.0000000,0.0000000
-0.0005235,-0.0057456,12.4466372,380.0555115,1.0000000,0.0000000
-0.0038915,-0.0037450,12.4442511,380.1079712,1.0000000,0.0000000
0.0057275,-0.0037743,12.4422312,380.1604614,1.0000000,0.0000000
-0.0010705,-0.0047853,12.4441929,380.2129211,1.0000000,0.0000000
-0.0041850,-0.0057608,12.4458990,380.2654724,1.0000000,0.0000000
0.0052360,-0.0040204,12.4436398,380.3179932,1.0000000,0.0000000
-0.0012066,-0.0049242,12.4459982,380.3704224,1.0000000,0.0000000
-0.0029324,-0.0068993,12.4447317,380.4230042,1.0000000,0.0000000
-0.0148111,-0.0074028,12.4500322,380.4754639,1.0000000,0.0000000
0.0019815,-0.0049845,12.4412756,380.5279541,1.0000000,0.0000000
0.0007962,-0.0045468,12.4446201,380.5804138,1.0000000,0.0000000
-0.0084065,-0.0051659,12.4496565,381.6829834,1.0000000,0.0000000
-0.0062874,-0.0035887,12.4449940,381.7354126,1.0000000,0.0000000
-0.0065926,-0.0053921,12.4490385,381.7879639,1.0000000,0.0000000
-0.0070594,-0.0039370,12.4473438,381.8405151,1.0000000,0.0000000
-0.0164084,-0.0065136,12.4520493,381.8929749,1.0000000,0.0000000
-0.0086443,-0.0069290,12.4494038,381.9454041,1.0000000,0.0000000
0.0113098,-0.0031552,12.4403477,381.9979553,1.0000000,0.0000000
0.0013035,-0.0056837,12.4453526,382.0504761,1.0000000,0.0000000
-0.0040572,-0.0056911,12.4467220,382.1029358,1.0000000,0.0000000
-0.0070279,-0.0074317,12.4487963,382.1554565,1.0000000,0.0000000
0.0115403,-0.0050449,12.4404020,382.2080078,1.0000000,0.0000000
0.0003155,-0.0064970,12.4450092,382.2604065,1.0000000,0.0000000
-0.0153565,-0.0083101,12.4523306,382.3129272,1.0000000,0.0000000
-0.0101591,-0.0064190,12.4484081,382.3655090,1.0000000,0.0000000
-0.0076489,-0.0054587,12.4468489,382.4179688,1.0000000,0.0000000
-0.0082097,-0.0068662,12.4470148,382.4704285,1.0000000,0.0000000
-0.0063891,-0.0064633,12.4455414,382.5229492,1.0000000,0.0000000
-0.0066005,-0.0068932,12.4467297,382.5754700,1.0000000,0.0000000
-0.0093872,-0.0050494,12.4470053,382.6278992,1.0000000,0.0000000
-0.0086617,-0.0050652,12.4488220,382.6804810,1.0000000,0.0000000
-0.0072855,-0.0049375,12.4482632,382.7329712,1.0000000,0.0000000
-0.0044067,-0.0051264,12.4482241,382.7854614,1.0000000,0.0000000
-0.0041506,-0.0065486,12.4481792,382.8379211,1.0000000,0.0000000
0.0014188,-0.0053267,12.4423933,382.8904724,1.0000000,0.0000000
-0.0037573,-0.0071442,12.4460402,382.9429321,1.0000000,0.0000000
-0.0055970,-0.0064578,12.4449816,382.9954224,1.0000000,0.0000000
0.0035994,-0.0047026,12.4418192,383.0479736,1.0000000,0.0000000
-0.0026094,-0.0054729,12.4454994,383.1004333,1.0000000,0.0000000
-0.0061049,-0.0050365,12.4452095,383.1529846,1.0000000,0.0000000
-0.0068620,-0.0064072,12.4446611,383.2054443,1.0000000,0.0000000
-0.0061872,-0.0064697,12.4465933,383.2579651,1.0000000,0.0000000
-0.0063346,-0.0032271,12.4447327,383.3104553,1.0000000,0.0000000
-0.0041854,-0.0045754,12.4469109,383.3629456,1.0000000,0.0000000
-0.0064480,-0.0065787,12.4486895,383.4154663,1.0000000,0.0000000
-0.0039564,-0.0053184,12.4461136,383.4679260,1.0000000,0.0000000
-0.0035775,-0.0059107,12.4469738,383.5204468,1.0000000,0.0000000
-0.0056990,-0.0061115,12.4485273,383.5729675,1.0000000,0.0000000
-0.0042719,-0.0060772,12.4482212,383.6254883,1.0000000,0.0000000
-0.0029344,-0.0063345,12.4455938,383.6779175,1.0000000,0.0000000
-0.0138618,-0.0064344,12.4519587,383.7304993,1.0000000,0.0000000
-0.0085537,-0.0054432,12.4493103,383.7829590,1.0000000,0.0000000
-0.0079706,-0.0055784,12.4457474,384.8854065,1.0000000,0.0000000
-0.0276506,-0.0089918,12.4560013,384.9379272,1.0000000,0.0000000
-0.0131002,-0.0065303,12.4506369,384.9905396,1.0000000,0.0000000
-0.0170211,-0.0077524,12.4517450,385.0429688,1.0000000,0.0000000
0.0040163,-0.0043881,12.4448309,385.0954285,1.0000000,0.0000000
-0.0014201,-0.0044830,12.4451303,385.1479492,1.0000000,0.0000000
-0.0123025,-0.0068811,12.4502964,385.2004700,1.0000000,0.0000000
-0.0075944,-0.0054477,12.4474182,385.2529297,1.0000000,0.0000000
-0.0043372,-0.0068673,12.4488754,385.3054199,1.0000000,0.0000000
-0.0144992,-0.0095740,12.4524536,385.3580017,1.0000000,0.0000000
-0.0057698,-0.0080436,12.4488926,385.4104614,1.0000000,0.0000000
-0.0147681,-0.0068272,12.4516335,385.4629211,1.0000000,0.0000000
-0.0081022,-0.0056033,12.4482431,385.5155029,1.0000000,0.0000000
-0.0043239,-0.0059123,12.4467010,385.5679932,1.0000000,0.0000000
-0.0059276,-0.0034404,12.4431648,385.6204224,1.0000000,0.0000000
-0.0143634,-0.0049737,12.4458570,385.6730042,1.0000000,0.0000000
0.0014669,-0.0044603,12.4424009,385.7254639,1.0000000,0.0000000
-0.0099105,-0.0075485,12.4475603,385.7779541,1.0000000,0.0000000
-0.0051702,-0.0031962,12.4449587,385.8304138,1.0000000,0.0000000
-0.0043472,-0.0044384,12.4451904,385.8829956,1.0000000,0.0000000
-0.0027122,-0.0050619,12.4449234,385.9354248,1.0000000,0.0000000
-0.0040407,-0.0057094,12.4453993,385.9879456,1.0000000,0.0000000
-0.0045573,-0.0051168,12.4434767,386.0404663,1.0000000,0.0000000
-0.0024286,-0.0050163,12.4442158,386.0929871,1.0000000,0.0000000
-0.0028659,-0.0043542,12.4451704,386.1454163,1.0000000,0.0000000
-0.0036924,-0.0041399,12.4459791,386.1979675,1.0000000,0.0000000
-0.0030730,-0.0051711,12.4474573,386.2504272,1.0000000,0.0000000
-0.0004543,-0.0042647,12.4473295,386.3029480,1.0000000,0.0000000
-0.0109878,-0.0042900,12.4473839,386.3554688,1.0000000,0.0000000
-0.0159079,-0.0075295,12.4476242,386.4079590,1.0000000,0.0000000
-0.0065590,-0.0065176,12.4445705,386.4604492,1.0000000,0.0000000
-0.0016171,-0.0050671,12.4428482,386.5129395,1.0000000,0.0000000
-0.0030997,-0.0056547,12.4449158,386.5654907,1.0000000,0.0000000
0.0064133,-0.0040378,12.4435520,386.6179504,1.0000000,0.0000000
-0.0001540,-0.0058419,12.4480219,386.6704712,1.0000000,0.0000000
-0.0136243,-0.0069731,12.4496498,386.7229614,1.0000000,0.0000000
-0.0180960,-0.0073103,12.4500751,386.7754822,1.0000000,0.0000000
-0.0119825,-0.0073776,12.4485617,386.8279114,1.0000000,0.0000000
-0.0071215,-0.0061738,12.4481239,386.8804321,1.0000000,0.0000000
-0.0036364,-0.0060392,12.4485102,386.9330139,1.0000000,0.0000000
-0.0127420,-0.0071433,12.4514084,386.9854126,1.0000000,0.0000000
0.0051964,-0.0040886,12.4413862,388.0879211,1.0000000,0.0000000
0.0095863,-0.0033504,12.4389095,388.1404724,1.0000000,0.0000000
-0.0087009,-0.0046431,12.4469500,388.1929626,1.0000000,0.0000000
-0.0069675,-0.0063939,12.4467020,388.2454224,1.0000000,0.0000000
-0.0082724,-0.0064287,12.4468203,388.2979431,1.0000000,0.0000000
-0.0058191,-0.0057922,12.4475126,388.3504944,1.0000000,0.0000000
-0.0153611,-0.0085680,12.4521265,388.4029541,1.0000000,0.0000000
-0.0087577,-0.0065904,12.4487133,388.4554138,1.0000000,0.0000000
-0.0066088,-0.0060630,12.4473486,388.5079956,1.0000000,0.0000000
-0.0055659,-0.0053302,12.4478331,388.5604248,1.0000000,0.0000000
0.0031564,-0.0037975,12.4434357,388.6129456,1.0000000,0.0000000
-0.0120223,-0.0066973,12.4502172,388.6654663,1.0000000,0.0000000
-0.0089640,-0.0071763,12.4485731,388.7179871,1.0000000,0.0000000
-0.0067891,-0.0079201,12.4479084,388.7704163,1.0000000,0.0000000
-0.0063840,-0.0069442,12.4465427,388.8229675,1.0000000,0.0000000
-0.0038327,-0.0060932,12.4488640,388.8754578,1.0000000,0.0000000
-0.0157135,-0.0061123,12.4512243,388.9279175,1.0000000,0.0000000
-0.0092992,-0.0051706,12.4481783,388.9804382,1.0000000,0.0000000
0.0036514,-0.0045373,12.4416084,389.0329895,1.0000000,0.0000000
-0.0126908,-0.0056983,12.4500074,389.0854492,1.0000000,0.0000000
0.0009478,-0.0033160,12.4454384,389.1379395,1.0000000,0.0000000
0.0061398,-0.0050744,12.4431610,389.1904602,1.0000000,0.0000000
-0.0019446,-0.0062035,12.4482021,389.2429199,1.0000000,0.0000000
-0.0065588,-0.0046073,12.4503603,389.2954712,1.0000000,0.0000000
-0.0093456,-0.0064994,12.4483805,389.3479614,1.0000000,0.0000000
-0.0077555,-0.0061648,12.4458656,389.4004822,1.0000000,0.0000000
-0.0080583,-0.0077971,12.4486532,389.4529114,1.0000000,0.0000000
-0.0180438,-0.0073071,12.4536915,389.5054321,1.0000000,0.0000000
-0.0106247,-0.0059417,12.4497805,389.5580139,1.0000000,0.0000000
-0.0088817,-0.0049709,12.4483604,389.6104431,1.0000000,0.0000000
-0.0162983,-0.0063145,12.4513731,389.6629639,1.0000000,0.0000000
-0.0095529,-0.0061375,12.4472189,389.7154846,1.0000000,0.0000000
0.0019035,-0.0056181,12.4427681,389.7679749,1.0000000,0.0000000
0.0061283,-0.0053026,12.4419813,389.8204041,1.0000000,0.0000000
-0.0086040,-0.0067246,12.4492397,389.8729858,1.0000000,0.0000000
0.0033004,-0.0060603,12.4467039,389.